530.759, 260.321, 348.398, 158.306
459.015, 268.823, 308.61, 193.859
518.847, 356.442, 384.899, 221.545
678.962, 358.957, 498.014, 162.242
248.942, 359.923, 199.619, 350.328
582.698, 374.724, 439.288, 214.356
656.319, 383.291, 495.867, 190.512
343.342, 404.571, 286.1, 337.984
571.655, 422.551, 450.732, 249.737
477.557, 473.058, 409.263, 327.444
578.569, 474.871, 484.049, 285.858
559.722, 485.856, 469.83, 300.467
725.15, 487.014, 586.16, 231.875
255.371, 39.0541, 65.5546, 117.347
407.501, 75.0401, 184.292, 79.6997
371.351, 89.6801, 175.001, 99.7414
568.899, 132.19, 326.407, 51.6415
253.315, 167.745, 119.844, 208.462
575.237, 194.97, 357.458, 92.4181
548.242, 202.624, 341.849, 114.172
347.017, 222.745, 210.634, 208.353
661.314, 227.429, 431.034, 79.0803
603.684, 230.151, 391.401, 97.0968
556.467, 236.142, 357.207, 131.036
105.227, 239.636, 48.3676, 321.655
664.129, 267.152, 444.966, 105.906
153.194, 268.724, 91.5031, 320.972
505.949, 275.455, 343.153, 177.716
91.5716, 275.93, 60.5088, 350.979
253.18, 312.318, 183.559, 309.569
710.432, 320.993, 508.837, 125.627
575.142, 326.048, 413.844, 184.974
533.335, 330.906, 386.202, 203.917
558.474, 338.996, 406.872, 199.367
38.5326, 339.519, 46.7432, 418.194
442.91, 359.369, 335.183, 262.91
529.897, 359.267, 395.534, 226.532
571.132, 363.067, 422.666, 204.874
479.373, 376.153, 368.059, 257.948
515.831, 387.08, 398.676, 251.794
369.665, 387.892, 296.774, 312.845
106.839, 395.607, 117.16, 429.586
692.854, 427.86, 537.756, 203.996
639.203, 432.958, 497.415, 230.661
334.993, 443.518, 292.798, 369.139
526.646, 455.32, 430.371, 297.329
98.3892, 471.078, 149.44, 484.909
432.455, 487.983, 383.193, 353.444
432.652, 63.8323, 201.662, 60.8985
162.641, 84.5021, 25.2249, 189.746
592.009, 184.385, 363.561, 78.6645
220.844, 205.783, 114.611, 248.826
145.154, 243.377, 76.8944, 306.662
609.841, 245.86, 403.337, 112.591
740.647, 256.42, 498.173, 64.8617
391.739, 260.375, 257.699, 214.886
206.63, 261.901, 129.919, 294.425
467.503, 264.005, 312.012, 185.471
182.92, 279.101, 119.772, 316.41
222.708, 300.829, 156.972, 314.426
578.803, 301.729, 403.103, 166.143
666.693, 311.915, 470.013, 134.696
234.439, 332.667, 178.552, 331.379
443.498, 332.299, 323.836, 243.606
573.081, 345.937, 419.595, 197.895
102.726, 377.599, 107.821, 419.159
648.868, 380.668, 487.03, 190.172
235.83, 397.435, 207.161, 375.892
715.132, 398.359, 541.071, 174.829
432.874, 406.97, 349.073, 300.199
637.423, 410.584, 492.089, 216.256
387.055, 412.779, 319.617, 323.491
92.6864, 431.918, 121.542, 460.597
578.354, 436.963, 462.458, 258.784
485.9, 443.841, 401.799, 305.099
443.875, 481.549, 387.94, 346.983
243.397, 28.1388, 53.9518, 114.865
306.322, 154.291, 152.356, 177.985
378.096, 157.435, 204.419, 149.185
476.134, 183.313, 283.636, 126.352
675.367, 221.907, 445.509, 64.0538
232.059, 224.598, 130.767, 257.652
484.73, 238.289, 318.748, 161.6
196.768, 245.118, 114.975, 286.464
381.81, 248.295, 245.731, 211.452
363.076, 248.651, 233.089, 220.053
169.909, 254.607, 99.0338, 305.394
666.669, 256.021, 446.846, 97.0711
531.948, 273.703, 358.041, 170.536
218.819, 289.394, 149.711, 308.705
278.426, 304.091, 199.591, 293.385
247.504, 305.276, 176.616, 307.796
211.764, 332.782, 162.592, 342.359
309.789, 340.246, 234.67, 311.719
126.052, 359.255, 118.165, 398.12
389.145, 360.168, 299.017, 285.806
42.0532, 362.862, 57.4109, 432.37
739.816, 365.332, 543.981, 140.647
433.517, 368.891, 334.022, 273.218
430.963, 387.032, 339.769, 287.142
454.318, 398.805, 360.574, 285.536
106.884, 406.847, 121.2, 437.931
727.411, 413.684, 555.496, 179.598
593.671, 424.925, 468.142, 245.149
419.262, 447.839, 356.634, 333.647
175.191, 452.335, 189.081, 440.425
644.025, 455.25, 514.609, 245.147
714.484, 463.162, 567.086, 220.101
740.146, 478.149, 592.902, 211.352
313.324, 481.677, 297.361, 401.649
239.395, 95.2499, 80.0444, 163.988
567.943, 103.724, 313.789, 31.6472
400.042, 119.943, 203.291, 113.519
472.242, 132.125, 259.011, 92.0571
95.2663, 201.768, 25.1322, 299.771
154.852, 203.549, 67.3161, 275.612
395.989, 207.577, 238.936, 176.605
693.323, 216.654, 446.785, 58.0752
639.948, 222.222, 420.847, 80.8608
631.778, 226.206, 409.874, 90.5484
142.493, 227.22, 69.2952, 297.385
528.562, 229.174, 339.95, 135.582
464.647, 231.31, 295.617, 164.035
684.444, 235.135, 450.839, 73.9262
288.22, 236.667, 175.636, 241.842
661.808, 242.173, 437.413, 88.9573
142.993, 257.281, 79.9194, 319.844
398.089, 269.156, 265.817, 218.741
269.694, 271.522, 177.713, 275.025
641.57, 279.905, 440.235, 122.8
543.059, 284.934, 374.075, 168.595
322.063, 287.037, 220.342, 262.787
256.512, 288.434, 175.649, 291.771
307.856, 302.494, 217.541, 278.989
119.502, 318.189, 92.9343, 370.813
506.436, 328.229, 359.91, 212.216
275.981, 346.004, 213.809, 323.471
553.327, 354.515, 409.685, 212.68
95.7901, 359.259, 93.7087, 410.174
89.2187, 378.802, 97.1838, 425.229
345.216, 381.098, 276.205, 316.529
227.703, 392.728, 200.046, 376.26
229.247, 434.216, 218.591, 404.229
398.193, 434.434, 336.247, 333.256
482.602, 437.977, 392.738, 298.247
249.05, 440.314, 235.723, 402.171
97.0358, 450.231, 133.164, 471.784
432.053, 463.981, 373.08, 340.799
235.625, 466.463, 237.311, 423.735
195.878, 474.677, 212.533, 446.648
590.969, 476.989, 488.419, 282.017
334.899, 26.669, 117.717, 75.4163
238.857, 75.7491, 71.6469, 151.177
195.76, 80.5562, 42.8755, 172.245
231.991, 81.4093, 68.4739, 158.807
279.222, 178.264, 143.124, 206.466
159.754, 216.755, 77.2468, 282.907
505.889, 219.079, 319.784, 138.925
616.738, 221.637, 397.679, 94.2172
122.535, 225.789, 54.6892, 304.646
552.384, 242.595, 362.292, 135.772
74.2809, 270.453, 39.8483, 356.431
626.127, 276.386, 429.362, 127.082
242.593, 296.406, 169.106, 303.178
373.311, 298.718, 261.172, 250.341
654.349, 312.098, 462.211, 141.016
223.552, 322.767, 167.142, 329.704
213.503, 324.675, 159.799, 334.316
451.095, 337.87, 331.931, 244.867
333.146, 341.319, 251.952, 296.413
56.8044, 364.437, 67.9615, 429.459
590.9, 364.613, 440.209, 203.634
26.7854, 372.744, 50.526, 447.92
407.253, 386.469, 321.951, 296.549
339.596, 390.632, 279.739, 329.806
674.891, 391.99, 509.709, 187.827
46.5391, 394.757, 73.9268, 454.945
265.27, 411.183, 235.546, 376.839
304.947, 412.299, 261.806, 357.63
655.846, 412.223, 502.791, 213.437
214.05, 413.932, 199.31, 396.558
741.227, 419.61, 567.408, 178.943
245.11, 422.225, 224.689, 389.587
156.401, 423.888, 163.508, 431.627
379.41, 426.554, 321.179, 337.263
724.175, 436.837, 564.123, 198.712
251.164, 455.357, 243.683, 409.444
124.492, 462.097, 157.016, 468.886
552.531, 465.589, 456.856, 290.461
264.031, 478.024, 262.511, 421.978
179.747, 481.651, 204.158, 458.003
250.207, 110.949, 93.765, 172.246
217.813, 125.857, 78.1463, 194.794
589.892, 220.756, 378.622, 103.928
421.206, 223.854, 262.022, 177.496
495.998, 224.478, 315.258, 146.655
401.566, 239.614, 255.408, 196.66
244.521, 253.281, 151.329, 273.51
493.385, 267.544, 326.047, 180.574
378.355, 270.539, 253.006, 228.622
331.284, 283.497, 225.294, 257.267
342.641, 293.431, 237.53, 259.016
277.159, 330.067, 207.571, 312.278
725.737, 347.196, 526.987, 136.091
96.0655, 370.777, 98.4652, 417.974
219.867, 400.041, 197.577, 384.876
230.634, 404.663, 207.164, 383.164
44.7007, 405.651, 77.1496, 463.406
27.7068, 428.257, 74.8306, 485.93
288.284, 432.388, 259.349, 377.871
706.899, 441.708, 552.841, 207.957
108.027, 465.156, 146.782, 477.981
673.666, 469.096, 541.678, 241.791
338.526, 38.6985, 125.509, 82.5907
498.809, 87.4841, 257.73, 49.4953
394.781, 159.918, 217.485, 143.941
367.34, 201.615, 215.948, 184.738
100.158, 220.496, 36.1679, 311.318
153.635, 225.343, 76.2758, 291.866
433.924, 254.291, 284.759, 193.968
618.293, 257.721, 413.779, 118.05
104.251, 289.703, 68.8258, 357.632
440.824, 349.214, 329.583, 256.604
288.438, 396.673, 245.197, 349.725
210.379, 430.853, 203.954, 410.055
426.6, 70.831, 200.126, 70.6072
546.993, 122.266, 306.612, 53.5123
244.697, 135.329, 102.157, 189.759
264.037, 153.05, 129.393, 196.862
533.411, 250.365, 352.233, 148.849
169.057, 266.898, 104.766, 313.722
192.602, 282.297, 127.964, 314.477
469.48, 396.838, 371.23, 277.62
362.097, 402.062, 299.014, 329.788
233.726, 453.133, 230.295, 415.809
438.808, 272.967, 296.216, 204.044
111.645, 339.48, 96.0998, 385.472
442.501, 165.451, 252.288, 128.008
581.595, 258.225, 388.997, 133.645
370.695, 356.015, 284.052, 290.623
213.608, 384.701, 186.518, 377.995
183.349, 386.612, 165.9, 392.051
104.149, 426.918, 126.979, 452.297
