241.953, 23.952, 246.024, 26.4495
827.336, 24.1824, 833.445, 24.6489
820.076, 25.6673, 826.816, 26.1908
500.541, 29.3369, 505.704, 27.868
332.828, 29.3969, 334.134, 29.7195
50.7727, 29.945, 55.8376, 27.0906
198.552, 33.3224, 203.288, 31.1555
350.606, 34.8164, 355.638, 33.3769
137.942, 36.5627, 142.878, 34.1485
321.603, 42.376, 326.611, 40.2982
305.074, 44.8382, 310.005, 43.1266
48.8323, 46.9802, 53.8563, 44.1787
726.135, 49.6677, 731.914, 49.5249
337.945, 50.217, 342.924, 48.6008
507.644, 50.0187, 512.613, 49.1983
727.592, 56.6618, 733.217, 56.4776
190.214, 59.4476, 194.845, 57.4049
322.425, 65.2836, 327.489, 63.4434
296.095, 66.3066, 300.94, 64.5047
313.28, 67.5031, 315.934, 64.1334
732.516, 67.9516, 738.331, 67.9289
70.5558, 70.4666, 75.5733, 67.6048
263.687, 75.403, 268.456, 73.5221
274.832, 75.5098, 279.611, 73.6815
186.169, 76.5824, 191.118, 74.5033
536.618, 78.1948, 541.695, 77.4324
864.341, 80.0811, 870.083, 80.8039
248.098, 89.9888, 251.707, 87.5056
122.408, 92.5885, 122.704, 90.5227
537.544, 94.2117, 542.555, 93.5733
734.821, 94.0723, 740.359, 94.133
498.89, 109.584, 505.988, 104.598
538.024, 110.744, 543.027, 109.859
207.689, 111.496, 212.185, 109.418
395.558, 112.32, 400.958, 111.436
81.1398, 113.311, 85.7473, 110.911
54.3061, 120.078, 55.1988, 119.91
827.587, 121.483, 837.806, 121.127
340.773, 122.314, 345.433, 120.915
796.925, 122.808, 803.145, 122.83
752.082, 123.62, 757.861, 123.892
256.14, 127.502, 260.572, 125.494
35.3047, 134.414, 39.8436, 131.393
44.0046, 137.02, 48.2907, 134.353
397.508, 138.456, 402.269, 137.132
115.039, 138.412, 119.493, 135.898
151.88, 138.855, 156.251, 136.552
661.053, 138.979, 666.611, 138.978
734.54, 145.635, 740.029, 145.787
342.601, 148.238, 347.045, 146.6
259.868, 148.528, 263.729, 147.356
270.492, 153.123, 275.073, 151.425
343.388, 159.433, 347.757, 157.909
734.995, 159.651, 740.473, 160.03
264.147, 165.28, 268.403, 163.423
309.842, 180.357, 314.383, 179.098
845.39, 195.115, 850.944, 195.972
796.281, 198.919, 797.209, 199.979
90.5258, 204.417, 94.6189, 201.289
166.904, 211.097, 170.982, 208.902
126.173, 213.991, 130.303, 211.516
274.871, 216.764, 279.421, 214.932
540.544, 222.109, 545.071, 221.81
52.6335, 223.527, 56.8623, 221.266
829.131, 225.359, 835.161, 226.027
529.487, 235.799, 534.5, 235.096
621.292, 245.098, 625.916, 245.011
42.3475, 250.907, 45.3467, 248.318
767.434, 255.273, 772.178, 256.37
225.582, 256.861, 229.814, 254.812
508.763, 271.454, 513.342, 270.802
738.055, 277.822, 742.89, 278.63
36.9286, 281.532, 41.4394, 278.599
775.271, 281.395, 780.143, 282.212
454.733, 283.435, 459.009, 282.44
512.465, 283.535, 516.891, 282.94
644.177, 283.485, 648.942, 283.539
657.47, 284.74, 661.887, 284.881
638.216, 287.581, 644.118, 284.672
171.926, 299.545, 176.187, 297.175
149.554, 304.714, 153.955, 302.069
824.392, 305.133, 829.391, 306.204
829.433, 308.737, 834.469, 309.802
841.306, 310.106, 846.367, 311.235
660.113, 310.767, 664.747, 310.984
806.593, 311.3, 811.66, 312.186
200.835, 311.951, 204.878, 309.824
212.821, 312.547, 217.024, 310.421
652.148, 314.682, 656.894, 314.847
215.415, 317.688, 219.492, 315.527
841.753, 317.573, 846.977, 318.788
750.401, 319.614, 755.242, 320.159
558.141, 321.006, 562.395, 320.623
792.254, 321.234, 797.04, 322.2
220.213, 324.002, 224.699, 322.056
802.123, 327.094, 806.979, 328.051
780.051, 330.155, 785.071, 331.104
771.961, 333.565, 776.498, 334.458
487.151, 337.04, 491.574, 336.42
782.167, 336.895, 787.007, 337.704
638.954, 346.865, 643.516, 346.948
797.8, 348.208, 802.502, 349.15
669.657, 357.328, 672.673, 360.085
771.413, 361.511, 776.037, 362.458
591.145, 368.811, 595.776, 368.814
804.617, 371.452, 809.41, 372.57
866.369, 374.597, 871.432, 376.071
518.885, 376.086, 523.275, 375.551
853.686, 376.075, 858.887, 377.211
795.064, 377.585, 799.786, 378.553
826.223, 377.399, 831.021, 378.625
815.379, 378.96, 820.175, 380.066
386.154, 383.686, 390.46, 382.492
863.801, 384.656, 868.818, 385.894
852.541, 388.673, 854.82, 388.873
840.932, 408.786, 845.711, 410.112
830.449, 416.156, 835.232, 417.546
378.028, 428.831, 382.132, 427.393
278.842, 470.875, 283.271, 468.849
78.8622, 473.005, 83.655, 469.992
72.3173, 473.859, 77.319, 470.718
57.4659, 33.6598, 62.4176, 31.1344
117.809, 34.7275, 122.539, 32.4048
239.002, 40.8671, 243.854, 38.8471
795.463, 43.3823, 801.577, 43.5448
300.592, 49.3793, 305.457, 47.6566
176.986, 51.3614, 181.768, 48.9819
327.993, 51.5266, 332.762, 50.452
774.353, 54.6072, 780.798, 54.4915
313.804, 57.6879, 318.695, 56.1152
803.323, 58.6521, 809.416, 58.9281
231.483, 70.8004, 236.167, 68.896
61.4113, 77.5547, 66.0968, 74.9877
290.515, 78.2338, 295.504, 76.4366
842.023, 81.5156, 848.549, 81.9064
422.054, 82.1604, 427.018, 80.8965
260.004, 82.6214, 264.831, 80.844
804.608, 91.3265, 810.454, 91.6503
268.901, 96.8889, 273.827, 94.942
159.645, 105.718, 164.179, 103.34
739.818, 105.872, 745.533, 106.114
737.922, 111.164, 743.354, 111.148
75.0382, 111.796, 79.5934, 109.084
783.09, 112.502, 789.054, 112.832
854.34, 117.159, 860.665, 117.838
423.3, 118.61, 428.256, 121.178
837.498, 119.613, 843.541, 120.135
341.973, 139.542, 346.419, 135.311
248.795, 145.567, 252.553, 143.966
307.517, 146.3, 311.856, 144.942
276.729, 165.166, 281.259, 163.356
631.088, 174.58, 635.976, 174.365
268.092, 176.041, 272.439, 174.32
735.827, 180.95, 741.049, 181.205
284.878, 182.646, 289.104, 180.934
191.603, 198.323, 195.771, 196.252
285.274, 216.417, 289.801, 214.493
659.331, 252.324, 663.994, 252.513
734.805, 254.963, 739.628, 255.474
424.233, 274.025, 428.907, 273.115
800.594, 278.919, 805.915, 279.945
71.5502, 280.296, 75.8077, 277.623
503.434, 284.068, 508.248, 283.496
47.5074, 290.486, 51.9027, 287.543
462.33, 294.107, 466.794, 293.344
811.675, 304.452, 814.982, 308.024
728.848, 307.584, 733.901, 308.372
704.577, 310.571, 710.975, 314.061
477.515, 320.684, 482.392, 319.939
840.925, 324.925, 846.091, 326.002
770.276, 325.571, 774.984, 326.404
661.25, 328.077, 665.989, 328.307
513.993, 328.44, 516.694, 326.702
208.006, 329.807, 212.139, 327.885
216.412, 331.589, 220.664, 329.363
661.936, 334.552, 666.524, 334.782
326.334, 335.207, 330.591, 333.925
787.107, 338.633, 791.996, 339.405
569.808, 339.618, 574.087, 339.42
758.485, 340.161, 763.245, 340.809
174.404, 340.925, 178.955, 338.306
770.621, 344.259, 775.254, 345.079
252.659, 347.996, 256.52, 345.983
486.951, 352.39, 491.44, 351.613
860.008, 352.917, 865.09, 354.295
201.017, 353.548, 205.506, 350.997
713.163, 359.369, 717.497, 360.251
863.24, 359.497, 868.686, 360.636
580.922, 365.907, 584.997, 365.623
328.487, 366.615, 329.076, 367.167
404.157, 369.937, 408.465, 368.713
342, 370.34, 350.363, 369.336
364.786, 372.85, 369.456, 371.411
381.919, 378.778, 386.177, 377.57
495.196, 390.332, 499.525, 389.631
750.079, 409.611, 754.222, 410.153
596.857, 418.8, 600.995, 419.099
103.452, 431.039, 108.41, 427.974
94.2692, 435.49, 97.3795, 432.134
98.5566, 438.441, 103.57, 435.424
127.876, 474.629, 132.595, 471.576
277.81, 488.262, 281.962, 486.295
676.065, 501.859, 680.011, 502.356
416.047, 553.997, 419.218, 552.981
492.555, 44.5293, 497.05, 43.4543
799.637, 46.0241, 805.448, 46.6097
234.75, 54.1991, 239.475, 52.1372
115.226, 54.679, 120.23, 52.2104
415.492, 60.8623, 420.536, 60.2995
328.325, 62.8998, 333.625, 57.1629
328.715, 68.0312, 333.648, 66.4224
286.933, 72.6574, 291.807, 70.8834
864.208, 90.5845, 870.057, 90.6932
413.868, 104.171, 418.559, 102.91
790.308, 104.219, 796.933, 103.849
771.988, 105.461, 777.577, 105.781
240.837, 105.839, 245.435, 103.951
189.163, 117.549, 193.116, 117.17
502.723, 122.408, 507.899, 121.605
126.435, 126.051, 130.922, 123.61
316.544, 126.16, 321.042, 124.547
308.914, 127.932, 313.563, 126.633
645.056, 131.031, 650.211, 130.907
316.675, 133.184, 321.201, 131.518
126.965, 136.275, 131.549, 133.799
590.929, 139.734, 595.953, 139.159
73.8832, 141.03, 78.4553, 138.053
317.201, 142.336, 321.623, 141.077
254.047, 159.054, 257.616, 156.119
252.335, 165.125, 255.269, 163.081
340.041, 165.024, 344.519, 163.749
31.1778, 166.734, 35.7389, 163.79
217.182, 184.28, 220.947, 183.095
220.687, 187.837, 224.856, 185.865
175.414, 190.862, 180.034, 188.597
276.544, 197.944, 280.774, 196.183
101.031, 205.979, 102.243, 205.648
151.527, 209.008, 155.29, 203.174
207.886, 214.853, 211.898, 212.829
105.894, 215.188, 111.15, 213.569
730.021, 216.18, 735.1, 216.401
477.833, 264.289, 482.174, 263.507
90.5039, 265.21, 95.0745, 262.46
497.436, 272.169, 502.313, 271.914
417.891, 281.658, 422.102, 280.407
85.6393, 284.222, 89.7773, 281.715
763.71, 289.433, 768.091, 290.536
84.6199, 290.45, 88.9701, 287.574
27.9813, 291.197, 32.895, 288.071
320.997, 290.999, 325.623, 289.428
149.859, 294.227, 154.278, 291.907
726.502, 294.415, 731.312, 294.945
541.503, 318.723, 546.056, 318.402
777.804, 323.553, 782.513, 324.265
542.303, 324.657, 546.838, 324.208
764.651, 326.542, 769.399, 327.068
547.597, 329.911, 552.129, 329.44
252.112, 358.468, 255.888, 356.51
188.263, 360.264, 192.637, 357.802
309.648, 363.023, 314.757, 361.039
792.557, 371.41, 797.258, 372.413
391.503, 378.101, 395.811, 376.917
508.46, 387.76, 512.671, 387.147
553.381, 390.212, 557.873, 389.755
254.645, 391.598, 259.101, 389.672
466.734, 394.302, 471.139, 393.094
761.306, 430.223, 765.596, 431.084
310.22, 449.833, 313.892, 448.054
316.084, 454.548, 319.859, 452.881
107.11, 475.865, 111.757, 472.701
125.752, 36.0637, 130.405, 33.7627
312.559, 45.8938, 317.412, 44.1703
333.458, 53.0871, 338.378, 51.6424
317.627, 61.4198, 322.625, 59.6302
779.151, 68.2455, 786.174, 69.0981
328.103, 73.7143, 333.06, 72.1888
752.878, 75.5655, 758.692, 75.7976
866.842, 85.0365, 872.962, 85.2802
69.5768, 92.977, 74.4031, 91.4063
800.462, 97.5709, 806.034, 97.4964
170.447, 108.822, 175.452, 106.552
41.8096, 110.726, 46.2118, 107.917
139.974, 118.223, 144.449, 115.896
123.89, 131.125, 128.211, 128.668
419.746, 135.654, 424.472, 134.566
146.008, 136.564, 150.574, 134.07
420.733, 141.773, 425.372, 140.692
586.896, 144.614, 591.875, 144.423
363.919, 165.121, 368.134, 163.904
369.622, 175.168, 373.952, 173.873
144.919, 177.509, 149.02, 175.377
655.786, 180.928, 657.692, 178.855
225.148, 191.357, 231.522, 187.728
255.263, 191.604, 259.382, 189.739
146.527, 210.015, 150.635, 207.558
80.7557, 214.644, 84.976, 212.223
147.192, 219.227, 151.212, 216.896
130.035, 220.125, 134.004, 217.799
36.4148, 222.058, 39.8217, 218.855
814.781, 252.031, 817.622, 254.169
803.408, 256.129, 809.079, 257.13
776.608, 265.541, 780.984, 267.835
844.995, 266.572, 850.621, 266.093
521.107, 268.859, 525.569, 268.44
748.741, 269.75, 753.214, 269.859
753.868, 273.416, 758.721, 273.856
24.0813, 275.823, 28.7347, 273.284
399.714, 282.116, 403.53, 280.94
139.78, 290.692, 143.938, 287.977
836.029, 301.971, 841.66, 302.802
573.282, 326.014, 577.091, 325.706
296.706, 329.854, 300.929, 328.079
203.807, 332.887, 208.15, 330.711
198.039, 335.867, 202.209, 333.056
257.08, 353.11, 260.492, 351.215
639.124, 354.65, 643.697, 354.651
705.433, 359.577, 710.032, 359.755
218.019, 368.529, 222.695, 366.503
178.042, 373.427, 182.747, 371.075
506.629, 375.066, 510.94, 374.517
285.663, 375.816, 289.917, 373.955
789.896, 380.356, 792.964, 385.311
783.254, 402.597, 787.821, 403.726
278.63, 425.672, 282.659, 423.831
106.351, 437.965, 111.168, 435.035
59.7798, 26.4051, 64.8177, 23.6115
530.218, 34.0696, 535.471, 33.1754
193.881, 39.6763, 199.13, 37.7949
530.799, 41.9245, 536.026, 41.0098
763.968, 44.058, 769.66, 43.8725
151.709, 54.8803, 156.403, 52.679
240.782, 58.448, 246.027, 57.0017
531.085, 58.0677, 536.356, 57.5696
75.3353, 60.2513, 80.2194, 57.572
531.84, 75.0349, 536.983, 74.3227
237.757, 82.0652, 242.316, 80.4246
843.882, 89.189, 850.346, 89.5568
809.273, 95.7316, 815.783, 95.7172
782.123, 100.438, 788.135, 100.514
540.354, 116.472, 545.401, 115.66
119.743, 124.825, 124.27, 122.259
145.455, 125.389, 149.943, 123.118
585.892, 135.14, 590.899, 134.689
426.311, 138.086, 431.135, 136.896
267.29, 147.42, 271.715, 145.498
242.251, 148.426, 246.506, 146.439
312.547, 148.914, 316.978, 147.264
723.071, 211.643, 728.021, 211.992
93.6177, 220.735, 98.7116, 217.861
77.1277, 237.438, 81.8216, 235.099
104.358, 239.346, 108.436, 236.038
833.205, 242.952, 837.868, 243.715
818.613, 244.904, 823.887, 245.596
564.241, 265.028, 567.626, 265.251
24.2176, 268.894, 28.7127, 265.917
546.212, 272.275, 550.652, 271.787
526.299, 272.967, 530.353, 272.447
44.7807, 280.707, 49.7262, 278.082
497.177, 284.172, 501.912, 283.462
590.844, 288.468, 594.66, 288.567
826.83, 287.778, 831.768, 288.748
130.603, 288.978, 134.947, 286.34
326.346, 289.503, 330.789, 288.165
518.43, 293.202, 522.764, 292.504
164.334, 302.646, 168.786, 300.13
276.775, 302.994, 280.735, 301.725
595.569, 305.516, 600.04, 305.429
654.313, 333.246, 659.074, 333.446
332.781, 336.62, 337.285, 335.158
708.028, 344.778, 712.58, 345.275
271.803, 351.292, 275.535, 349.461
765.843, 361.52, 770.747, 362.336
195.855, 365.926, 200.335, 363.721
518.982, 368.027, 523.262, 367.489
471.415, 376.057, 475.677, 375.42
372.189, 378.412, 376.565, 376.819
183.887, 379.542, 187.014, 377.44
810.965, 382.877, 815.709, 384.014
281.969, 412.881, 286.317, 410.972
248.769, 419.899, 253.129, 417.872
260.947, 423.078, 265.569, 421.045
145.83, 481.113, 150.539, 478.257
118.396, 486.085, 123.358, 483.019
667.424, 489.672, 671.459, 490.11
679.434, 491.55, 683.561, 492.111
749.035, 24.4222, 755.528, 24.8758
333.768, 44.2176, 338.821, 42.7286
765.012, 52.7298, 770.872, 53.0627
835.513, 63.9467, 841.812, 63.2962
859.859, 86.6372, 866.177, 87.0704
793.901, 98.7878, 799.748, 98.9731
733.899, 100.823, 739.679, 100.871
497.202, 126.356, 502.044, 125.728
755.598, 129.184, 760.804, 129.354
440.652, 154.022, 445.357, 152.84
664.988, 163.089, 670.077, 163.046
360.697, 172.411, 365.121, 171.096
346.48, 180.789, 350.907, 179.389
846.471, 250.393, 853.731, 252.677
661.794, 262.523, 666.332, 262.734
782.913, 269.117, 790.479, 266.041
55.2281, 276.002, 59.1388, 273.641
717.076, 277.723, 721.905, 278.034
40.1094, 288.295, 44.668, 285.271
818.071, 288.155, 823.298, 289.204
872.082, 304.89, 876.513, 305.714
763.74, 309.705, 768.08, 310.705
798.127, 309.778, 803.174, 311.081
588.256, 317.061, 592.772, 316.858
804.402, 316.652, 809.347, 317.513
564.69, 318.455, 568.876, 318.106
548.122, 321.391, 553.243, 321.05
750.772, 325.011, 755.81, 325.633
564.735, 326.752, 568.54, 326.36
594.754, 330.997, 598.928, 330.95
279.053, 365.86, 283.592, 363.983
478.908, 380.356, 486.93, 381.887
465.733, 383.663, 469.904, 382.749
185.585, 386.912, 189.072, 384.74
489.832, 389.434, 493.889, 388.655
405.017, 391.113, 408.615, 390.087
523.086, 391.782, 527.196, 391.094
839.051, 422.787, 843.391, 424.011
654.634, 486.054, 658.165, 486.389
809.56, 46.8441, 816.439, 47.5375
780.958, 53.7196, 788.07, 54.1831
814.236, 103.104, 821.063, 103.276
521.248, 146.659, 525.734, 145.842
198.216, 167.297, 202.029, 164.365
837.112, 256.843, 842.167, 258.465
837.643, 270.143, 842.705, 271.086
34.4519, 271.472, 39.0617, 269.2
826.837, 281.112, 831.737, 282.108
332.507, 299.9, 337.094, 298.296
199.165, 320.326, 203.393, 318.306
274.47, 326.802, 277.719, 325.81
584.043, 325.385, 588.46, 325.109
537.875, 334.967, 541.874, 334.204
315.827, 436.251, 320.16, 434.87
266.581, 463.121, 270.816, 461.251
294.695, 465.836, 299.749, 464.042
101.146, 487.249, 105.972, 483.902
710.552, 501.274, 714.391, 501.957
845.767, 38.4754, 852.364, 39.3804
164.616, 71.027, 166.985, 64.9818
839.493, 98.249, 844.787, 98.7156
194.013, 108.869, 198.266, 107.37
667.288, 138.19, 672.397, 137.931
303.98, 158.114, 309.429, 155.655
221.782, 160.465, 225.409, 157.983
200.432, 192.143, 204.286, 189.887
529.992, 213.566, 534.501, 212.429
725.913, 222.27, 731.26, 222.442
100.389, 282.435, 104.557, 279.828
444.472, 283.996, 449.139, 282.755
463.763, 283.442, 468.872, 282.607
645.83, 289.711, 650.517, 289.693
650.174, 307.472, 654.811, 307.517
270.11, 309.997, 274.814, 308.288
781.966, 320.848, 786.895, 321.496
612.52, 325.684, 617.046, 325.628
328.121, 327.517, 332.766, 325.905
224.073, 336.402, 228.246, 334.716
323.212, 340.591, 327.293, 338.882
579.876, 347.3, 583.825, 346.668
401.993, 364.52, 405.926, 363.002
227.244, 366.527, 231.853, 364.603
508.39, 366.239, 512.653, 365.741
406.004, 380.272, 409.205, 382.316
121.938, 440.664, 126.723, 437.765
79.5819, 448.21, 81.969, 443.964
178.767, 199.302, 184.245, 200.246
734.006, 318.556, 739.353, 317.905
644.57, 321.714, 649.162, 321.822
809.128, 414.745, 813.013, 415.928
227.907, 423.535, 232.328, 421.102
228.107, 472.339, 232.801, 469.931
699.991, 144.285, 705.514, 144.605
94.2501, 252.478, 98.5247, 250.698
744.684, 252.012, 750.733, 249.822
795.04, 267.894, 796.918, 269.029
722.584, 274.538, 727.655, 274.518
630.408, 284.284, 635.266, 283.319
288.807, 354.435, 292.404, 352.724
820.993, 397.422, 825.634, 398.914
392.396, 402.901, 397.581, 400.668
146.69, 75.3015, 151.288, 73.8169
488.396, 115.608, 495.711, 116.862
408.373, 134.419, 412.873, 133.715
577.764, 144.77, 582.994, 144.923
654.512, 161.487, 659.818, 161.517
301.075, 171.806, 304.837, 169.211
722.684, 188.688, 728.019, 190.184
788.272, 219.774, 792.284, 220.824
803.498, 241.763, 810.785, 241.657
638.515, 255.028, 643.07, 254.952
699.712, 293.315, 704.25, 293.446
324.933, 140.64, 328.457, 141.162
748.553, 152.124, 752.923, 154.273
294.668, 307.59, 299.219, 306.016
718.434, 112.129, 724.62, 111.664
751.401, 232.398, 759.72, 234.419
231.906, 453.713, 237.259, 451.022
222.463, 222.774, 225.603, 218.663
136.462, 351.799, 142.82, 349.689
174.55, 463.473, 180.458, 460.123
