132.263, 55.0178, 91.9804, 176.873
609.858, 86.0788, 468.388, 109.363
538.048, 109.615, 424.481, 142.66
748.015, 174.518, 588.148, 157.683
224.905, 183.528, 203.516, 274.873
236.787, 212.623, 227.124, 295.214
397.798, 222.835, 353.9, 268.848
517.154, 228.869, 443.583, 248.484
448.358, 231.835, 394.213, 266.808
493.922, 235.062, 430.946, 262.578
289.738, 241.344, 276.214, 310.014
508.485, 243.909, 439.693, 258.968
660.832, 262.933, 559.029, 246.055
367.488, 264.869, 345.106, 315.507
234.049, 271.074, 241.19, 350.422
354.17, 300.15, 343.472, 347.264
292.581, 317.449, 301.415, 377.569
66.9184, 326.033, 123.108, 442.101
641.327, 326.493, 563.466, 302.411
39.779, 329.371, 98.3484, 454.488
549.114, 337.677, 498.605, 334.819
336.514, 339.014, 341.905, 386.146
569.631, 338.805, 510.786, 329.426
463.109, 351.311, 440.403, 366.283
410.32, 368.887, 411.002, 395.526
166.145, 392.52, 222.628, 478.375
417.825, 394.327, 415.967, 413.577
67.5965, 398.685, 143.829, 511.584
556.121, 415.782, 526.569, 399.838
269.425, 417.094, 309.522, 471.03
179.552, 417.519, 241.487, 498.625
82.4522, 425.086, 164.199, 531.864
146.957, 429.428, 215.902, 515.525
52.4535, 436.358, 142.907, 551.49
579.442, 443.49, 548.219, 414.456
203.194, 444.614, 265.381, 514.438
164.323, 454.883, 240.733, 536.867
587.004, 469.535, 563.521, 438.384
232.015, 479.545, 302.907, 540.721
100.107, 489.927, 200.807, 587.402
623.346, 494.68, 592.546, 448.546
191.662, 516.462, 281.815, 585.57
552.53, 517.068, 554.978, 487.583
244.302, 520.059, 321.424, 575.512
197.135, 522.397, 288.783, 589.237
227.441, 524.023, 314.018, 581.319
383.125, 532.395, 435.922, 544.124
204.288, 547.994, 304.395, 609.794
297.027, 551.144, 376.232, 587.106
323.226, 577.67, 405.69, 602.169
614.621, 580.846, 617.337, 528.427
412.212, 590.472, 471.913, 588.201
390.025, 598.842, 460.845, 602.636
458.371, 605.696, 514.05, 589.208
401.802, 613.514, 472.219, 611.137
340.407, 25.37, 252.353, 106.814
328.016, 34.6442, 244.888, 117.943
573.948, 50.2062, 434.939, 83.3651
271.415, 94.6907, 218.217, 182.425
707.271, 124.364, 546.515, 124.3
164.248, 125.883, 140.244, 233.981
124.464, 132.896, 107.093, 251.339
348.611, 134.138, 289.912, 201.459
271.236, 148.115, 233.65, 230.669
175.895, 149.06, 156.676, 252.877
688.893, 152.113, 539.93, 150.676
494.176, 154.561, 405.452, 189.554
198.521, 164.933, 179.11, 260.687
511.955, 194.442, 430.001, 219.868
394.971, 197.388, 344.051, 247.196
234.81, 206.096, 221.203, 291.076
537.843, 213.04, 453.752, 231.024
230.068, 231.08, 225.609, 314.821
395.392, 232.521, 354.754, 278.141
339.438, 235.232, 312.383, 293.553
518.38, 235.507, 447.126, 253.528
123.135, 246.717, 142.998, 354.831
201.601, 257.132, 210.904, 344.922
385.962, 261.014, 356.608, 304.802
376.92, 276.282, 353.721, 320.803
475.656, 280.238, 428.643, 301.99
365.478, 288.526, 348.622, 334.428
247.028, 292.351, 257.561, 362.697
48.6243, 292.969, 94.6317, 417.594
41.5222, 295.231, 89.5621, 421.269
419.871, 297.839, 392.513, 329.863
464.554, 315.564, 431.184, 334.96
130.12, 317.077, 170.715, 418.467
35.4954, 319.671, 89.5578, 449.098
666.372, 320.455, 574.586, 294.366
463.619, 323.793, 433.176, 342.301
208.505, 342.676, 245.303, 424.614
534.058, 343.51, 489.567, 343.224
444.848, 347.113, 425.8, 367.158
669.522, 349.541, 584.772, 317.973
270.357, 349.764, 293.622, 412.087
27.1466, 351.044, 94.6493, 477.988
233.742, 375.947, 272.474, 445.353
505.009, 376.877, 478.403, 379.056
349.564, 377.652, 363.067, 417.544
107.974, 379.426, 167.873, 479.345
387.126, 384.69, 394.05, 414.238
111.305, 394.264, 178.686, 495.064
571.037, 399.077, 531.631, 382.263
498.765, 402.815, 480.92, 402.558
550.522, 409.451, 521.518, 395.966
54.3929, 411.147, 136.314, 523.664
394.875, 423.728, 411.157, 446.255
54.2779, 427.148, 141.176, 541.568
41.775, 436.606, 133.442, 554.541
299.59, 437.692, 342.865, 484.116
114.601, 445.732, 197.459, 541.927
264.752, 447.602, 318.603, 502.502
593.914, 452.629, 563.69, 422.908
219.189, 454.913, 284.098, 521.265
598.479, 459.786, 567.736, 427.949
589.116, 477.035, 567.021, 444.454
466.221, 477.328, 479.985, 475.324
411.989, 478.851, 440.352, 491.197
494.229, 478.817, 500.705, 469.775
403.651, 489.986, 437.44, 503.049
396.523, 504.262, 436.379, 517.352
577.619, 505.656, 567.452, 471.724
140.474, 505.661, 235.396, 592.582
107.488, 515.984, 214.44, 609.357
573.9, 516.788, 569.852, 481.472
553.048, 526.999, 558.162, 495.871
151.497, 530.502, 256.612, 609.264
234.942, 537.606, 325.569, 591.517
396.616, 539.13, 449.469, 547.496
599.264, 545.31, 590.499, 500.599
246.082, 548.902, 337.704, 598.584
253.975, 557.838, 346.324, 604.17
489.34, 561.909, 523.678, 542.427
259.286, 564.694, 352.948, 609.121
339.444, 564.94, 415.485, 586.177
348.898, 601.109, 430.172, 614.072
415.989, 608.323, 484.597, 603.439
557.446, 26.1206, 414.184, 68.1391
160.472, 35.4803, 109.923, 152.977
644.867, 40.6068, 479.937, 65.5733
659.418, 50.289, 493.366, 71.0969
707.554, 66.6595, 527.588, 72.6765
42.8719, 81.6717, 24.8883, 221.405
386.628, 130.729, 317.307, 191.984
137.505, 131.704, 119.901, 245.743
275.011, 140.657, 234.291, 222.982
308.737, 143.402, 261.903, 218.126
380.936, 146.462, 318.447, 205.55
408.982, 159.378, 342.974, 210.966
272.377, 177.377, 243.108, 256.472
252.132, 182.534, 228.632, 265.839
146.577, 189.2, 145.531, 292.147
333.932, 192.535, 295.967, 256.331
499.487, 193.696, 420.461, 222.041
91.7094, 194.975, 101.109, 315.126
278.166, 197.449, 253.977, 272.938
554.271, 215.859, 466.325, 229.237
28.0961, 229.045, 56.997, 362.874
655.865, 246.898, 546.602, 235.475
579.225, 249.278, 494.446, 252.691
550.646, 254.052, 475.035, 263.109
346.997, 256.552, 324.573, 310.23
256.056, 265.761, 257.367, 340.031
680.09, 268.676, 568.786, 247.27
477.266, 271.938, 427.544, 294.142
225.603, 278.424, 236.57, 358.941
537.672, 297.408, 478.333, 302.461
123.543, 299.599, 159.907, 404.284
313.797, 310.339, 315.378, 365.88
314.327, 318.712, 318.453, 373.342
300.634, 318.858, 308.15, 376.79
101.441, 323.544, 149.375, 431.794
275.339, 325.998, 290.476, 389.533
318.969, 327.918, 324.831, 380.191
73.7872, 334.072, 128.508, 448.817
78.9214, 342.322, 135.909, 455.66
69.4224, 344.124, 128.484, 459.594
217.151, 353.236, 252.244, 429.136
255.847, 353.551, 283.411, 419.604
73.7118, 366.116, 138.72, 478.948
427.76, 367.505, 419.169, 388.909
144.359, 368.889, 198.332, 462.897
75.2143, 371.722, 142.069, 484.333
283.238, 384.929, 314.42, 440.925
398.396, 386.545, 402.985, 413.109
631.311, 387.848, 570.062, 359.067
49.7659, 393.624, 126.788, 511.621
366.07, 397.462, 382.443, 430.14
48.0238, 400.931, 127.786, 518.82
299.259, 402.999, 332.083, 452.864
538.741, 404.844, 510.649, 394.985
387.4, 406.913, 400.935, 433.97
523.15, 409.763, 500.944, 402.962
357.82, 421.831, 382.935, 454.771
39.9919, 446.807, 135.378, 564.834
585.476, 455.139, 558.238, 427.016
544.379, 459.022, 530.439, 440.37
289.334, 475.853, 346.736, 521.087
513.381, 477.13, 513.916, 463.85
536.846, 487.093, 533.321, 466.448
265.256, 512.281, 338.969, 560.648
224.421, 517.36, 308.882, 576.967
451.838, 521.974, 484.574, 517.733
155.232, 524.84, 256.498, 603.292
285.149, 528.841, 362.188, 568.918
418.949, 583.22, 479.413, 580.022
358.938, 603.092, 441.176, 615.558
436.375, 605.688, 498.549, 594.95
430.298, 612.505, 493.212, 600.871
483.025, 40.1826, 363.953, 93.4498
155.645, 69.3746, 116.148, 184.752
302.035, 167.951, 263.935, 241.053
485.652, 167.746, 403.15, 202.948
28.4207, 170.941, 39.4337, 308.098
364.669, 181.511, 316.428, 239.827
532.129, 182.873, 441.066, 206.006
410.822, 195.785, 355.787, 242.551
250.633, 197.894, 232.024, 279.957
465.988, 219.242, 403.161, 251.864
305.125, 222.017, 282.445, 289.343
361.078, 222.063, 325.527, 276.666
334.578, 224.298, 305.243, 284.938
571.271, 223.653, 481.035, 232.862
218.265, 231.65, 216.2, 321.863
484.199, 254.159, 427.156, 277.521
568.834, 256.943, 489.036, 261.597
419.651, 265.554, 383.04, 301.713
405.403, 271.534, 374.05, 309.91
384.502, 278.636, 360.232, 321.178
279.093, 282.21, 280.462, 349.374
375.24, 283.912, 354.911, 328.083
547.109, 304.577, 487.268, 307.069
455.546, 319.84, 425.597, 340.919
550.245, 329.456, 496.839, 327.628
626.232, 332.89, 550.675, 313.384
650.109, 333.094, 566.919, 308.213
351.065, 338.683, 353.005, 382.367
445.264, 340.831, 424.16, 361.372
277.071, 342.862, 296.89, 404.473
46.3507, 357.039, 112.744, 477.966
256.678, 362.313, 285.876, 427.907
100.553, 365.363, 160.953, 471.141
620.062, 381.847, 560.529, 356.172
315.913, 383.019, 338.944, 430.851
378.086, 393.052, 389.636, 423.84
631.856, 396.46, 572.868, 366.272
381.097, 400.009, 393.916, 429.449
363.206, 410.756, 383.609, 443.272
629.276, 437.893, 582.858, 401.202
243.831, 455.686, 304.966, 515.978
545.081, 477.483, 536.246, 455.864
192.508, 482.455, 271.686, 553.633
268.052, 483.329, 332.46, 533.069
440.48, 486.976, 464.351, 490.574
125.671, 498.326, 222.994, 587.97
602.047, 499.168, 582.351, 460.316
541.645, 505.685, 542.183, 481.079
508.795, 506.964, 519.361, 490.601
608.9, 517.17, 594.301, 472.737
161.11, 520.694, 258.871, 598.104
108.626, 522.288, 216.454, 615.108
538.817, 544.079, 552.905, 513.987
229.732, 558.624, 327.389, 611.904
442.389, 586.087, 497.092, 576.269
394.744, 592.807, 464.331, 595.315
710.605, 71.5758, 534.46, 80.4084
123.775, 88.8125, 95.2424, 209.237
656.372, 119.822, 510.677, 129.007
495.566, 147.161, 404.221, 182.86
99.6374, 155.807, 95.3516, 276.906
321.066, 161.781, 276.812, 231.464
203.124, 169.802, 185.468, 265.812
590.997, 170.493, 480.249, 183.288
31.6227, 177.983, 44.4, 313.959
287.589, 197.685, 261.196, 270.597
341.621, 219.33, 309.476, 278.52
493.399, 221.836, 424.313, 247.961
361.8, 230.932, 328.463, 284.02
431.302, 236.048, 383.221, 273.445
389.985, 252.849, 356.928, 297.191
252.866, 271.201, 255.956, 345.492
529.312, 270.56, 464.308, 281.809
91.0449, 275.794, 125.344, 390.272
538.838, 287.142, 476.282, 293.847
130.059, 307.85, 168.047, 409.993
266.12, 308.995, 278.639, 376.668
32.808, 313.007, 87.8418, 440.479
434.973, 322.271, 411.115, 347.765
295.015, 322.692, 304.852, 381.814
466.931, 333.06, 438.134, 349.895
514.115, 334.378, 472.205, 339.416
283.182, 340.421, 300.706, 400.333
126.136, 347.564, 176.446, 447.771
493.513, 355.491, 463.675, 362.923
350.18, 363.975, 359.712, 404.957
347.955, 370.96, 359.986, 411.344
355.097, 370.495, 365.532, 409.944
148.476, 373.042, 202.867, 464.877
386.092, 377.684, 391.235, 408.206
509.825, 410.339, 491.507, 406.563
299.939, 410.706, 335.051, 459.768
542.635, 412.491, 514.975, 400.6
42.8671, 417.021, 128.307, 535.792
311.059, 428.015, 349.064, 472.422
346.92, 438.316, 379.561, 472.054
349.781, 446.287, 384.126, 478.35
218.624, 482.954, 292.833, 547.341
618.142, 482.55, 587.826, 442.208
547.611, 491.398, 542.168, 467.351
330.889, 505.626, 387.774, 536.664
217.947, 507.899, 300.201, 569.99
227.614, 512.23, 309.869, 571.063
269.18, 526.758, 349.086, 571.848
571.082, 532.211, 572.445, 495.917
194.154, 537.668, 292.927, 603.437
276.62, 540.861, 358.62, 582.666
280.28, 567.257, 370.318, 605.123
178.322, 59.4011, 131.809, 170.755
176.497, 121.3, 148.35, 227.535
142.102, 135.118, 125.503, 244.29
354.849, 148.103, 299.183, 212.479
400.889, 175.068, 341.127, 226.427
246.519, 190.111, 226.662, 274.32
321.053, 220.83, 294.708, 284.493
355.092, 236.452, 324.915, 290.655
129.176, 242.252, 146.674, 349.601
306.565, 242.839, 289.836, 307.524
640.957, 245.261, 535.856, 236.874
332.402, 245.977, 310.357, 304.297
237.046, 252.019, 238.049, 332.197
685.686, 256.53, 569.236, 236.734
374.737, 257.653, 346.535, 305.101
441.597, 262.168, 398.161, 294.028
674.782, 272.177, 566.333, 252.268
533.23, 279.459, 469.323, 288.778
36.7319, 281.149, 80.8543, 408.923
442.284, 281.344, 404.502, 310.264
114.663, 281.575, 146.115, 389.729
765.914, 286.922, 630.873, 245.815
118.72, 289.327, 152.149, 395.771
444.577, 289.398, 407.896, 317.862
531.978, 307.679, 477.389, 312.869
571.554, 313.801, 507.598, 309.238
471.007, 349.583, 445.375, 362.274
366.217, 369.577, 373.612, 405.941
523.596, 377.295, 491.767, 374.74
230.19, 381.664, 271.494, 451.772
629.18, 411.336, 575.54, 379.299
327.196, 427.592, 361.132, 467.883
366.828, 440.681, 395.341, 468.75
359.972, 445.888, 391.493, 475.264
40.6616, 453.033, 137.114, 570.328
196.618, 462.722, 268.808, 535.001
38.1601, 468.638, 140.106, 585.824
218.472, 500.044, 298.764, 562.551
588.07, 511.276, 579.964, 474.479
244.273, 511.839, 322.344, 566.287
527.105, 521.35, 537.48, 494.686
235.734, 531.676, 324.767, 585.676
543.654, 539.019, 555.007, 508.215
490.04, 587.684, 531.531, 564.668
596.559, 598.065, 605.592, 544.355
188.461, 56.8741, 139.183, 166.257
193.637, 68.0407, 146.901, 174.983
575.21, 78.162, 441.284, 109.413
334.67, 124.23, 276.582, 196.667
394.867, 138.011, 326.305, 194.362
554.609, 171.357, 454.246, 192.444
295.683, 180.681, 262.454, 253.415
267.753, 184.473, 241.823, 264.084
444.273, 197.205, 380.945, 236.336
545.891, 196.577, 454.037, 214.233
392.471, 207.36, 345.162, 256.555
212.045, 241.986, 214.454, 328.801
566.703, 246.316, 484.743, 254.067
459.324, 248.774, 407.885, 279.064
352.732, 261.888, 330.77, 313.753
760.305, 277.337, 625.251, 241.652
453.727, 281.815, 412.94, 307.767
94.1666, 290.109, 132.278, 402.574
238.442, 369.457, 274.333, 439.323
248.813, 375.939, 284.466, 441.518
301.899, 383.408, 328.375, 433.891
267.793, 390.049, 303.503, 448.945
618.442, 403.42, 565.883, 375.735
251.472, 417.117, 298.85, 478.021
343.915, 421.296, 372.101, 458.243
627.596, 457.015, 587.284, 418.444
378.297, 465.47, 411.363, 487.967
248.283, 466.947, 311.393, 524.59
188.037, 472.575, 265, 545.995
636.205, 492.013, 604.221, 446.391
206.269, 493.151, 286.294, 559.786
594.47, 501.255, 576.9, 464.007
500.209, 513.286, 515.176, 498.23
269.005, 565.392, 359.859, 606.198
527.358, 60.0815, 402.488, 102.464
282.107, 182.041, 252.231, 258.181
377.124, 193.9, 329.661, 248.003
243.291, 207.331, 229.05, 290.182
174.1, 217.299, 175.959, 315.623
296.278, 222.698, 275.803, 291.751
200.241, 227.479, 200.233, 318.335
407.274, 237.329, 364.939, 279.694
438.116, 240.177, 390.252, 277.714
679.923, 242.342, 561.788, 226.036
554.184, 244.457, 475.121, 254.722
169.605, 250.004, 182.218, 346.55
435.825, 310.07, 408.277, 337.754
267.617, 317.361, 282.12, 383.863
118.201, 328.623, 164.358, 432.684
452.716, 342.505, 430, 360.83
356.251, 344.074, 358.521, 385.784
34.1499, 354.251, 101.533, 478.365
345.441, 355.729, 353.441, 398.643
369.708, 359.564, 372.71, 396.208
294.326, 508.646, 362.161, 550.208
253.426, 526.977, 335.307, 575.936
285.838, 548.132, 368.304, 585.877
374.144, 590.653, 448.574, 597.578
583.718, 52.6333, 440.223, 86.5755
730.356, 86.8487, 552.085, 89.1107
405.723, 93.3838, 322.054, 154.096
72.5005, 173.714, 77.8928, 300.275
231.624, 195.404, 216.141, 283.354
284.409, 209.594, 261.763, 282.495
668.368, 222.595, 547.809, 212.706
539.091, 237.448, 461.8, 252.589
132.034, 261.594, 155.153, 366.604
272, 299.476, 280.044, 366.702
117.648, 311.784, 157.883, 416.809
604.879, 315.519, 530.532, 303.96
45.2243, 340.475, 106.785, 462.87
409.745, 343.7, 397.566, 371.941
543.389, 345.35, 496.64, 341.999
62.8496, 363.557, 128.821, 479.795
83.3492, 366.069, 146.611, 476.208
437.391, 369.627, 426.839, 388.405
724.401, 374.878, 629.01, 327.685
453.916, 378.082, 441.857, 392.142
198.244, 450.869, 267.054, 523.874
212.06, 467.885, 283.62, 535.798
603.571, 482.077, 579.972, 446.109
282.543, 500.915, 347.746, 545.56
702.786, 135.209, 547.257, 134.394
221.375, 162.516, 196.821, 254.258
155.634, 268.207, 176.509, 366.737
550.757, 278.037, 481.979, 283.353
414.575, 281.096, 383.503, 316.247
189.339, 297.684, 213.179, 384.881
348.415, 320.512, 345.303, 366.833
274.609, 357.573, 299.008, 418.025
283.763, 404.706, 320.837, 458.698
513.581, 425.25, 494.487, 418.177
558.257, 69.9624, 427.164, 105.159
252.931, 151.239, 219.814, 239.732
526.124, 335.855, 481.455, 339.709
457.334, 354.379, 437.362, 371.079
404.435, 378.13, 406.847, 403.837
251.044, 433.746, 303.922, 493.889
629.854, 145.166, 501.222, 155.101
523.078, 146.921, 424.084, 175.566
178.979, 169.848, 165.25, 271.712
572.67, 192.342, 472.129, 204.424
200.292, 203.159, 191.547, 296.257
516.452, 296.713, 462.442, 307.223
95.0228, 338.636, 148.282, 447.392
306.726, 345.465, 321.292, 398.495
643.457, 357.273, 569.674, 329.618
530.026, 404.515, 504.692, 396.16
174.144, 438.144, 244.122, 518.966
323.024, 438.493, 360.872, 478.803
474.337, 192.808, 401.244, 224.709
147.01, 235.451, 161.691, 337.39
238.946, 341.217, 263.373, 411.288
419.207, 415.276, 428.819, 430.774
255.641, 242.666, 249.492, 318.426
331.397, 283.334, 318.967, 337.066
563.146, 361.415, 512.989, 352.881
582.096, 406.746, 540.327, 385.618
