644.408, 82.5105, 311.682, 204.311
317.903, 86.1349, 281.524, 377.632
702.373, 94.9849, 324.903, 173.776
316.71, 100.315, 286.589, 379.858
515.223, 112.088, 319.157, 276.158
219.051, 116.121, 289.652, 426.094
531.919, 118.204, 319.2, 262.237
564.019, 148.655, 338.91, 245.806
431.663, 156.053, 334.452, 321.805
374.636, 162.586, 327.816, 352.615
446.813, 163.413, 331.868, 312.673
329.41, 179.846, 335.092, 375.905
516.594, 181.369, 354.229, 277.97
285.543, 183.314, 330.676, 399.477
544.131, 186.538, 355.326, 260.518
629.256, 186.387, 364.072, 220.523
607.632, 187.706, 362.554, 227.654
486.498, 197.162, 356.557, 296.802
276.185, 197.485, 337.457, 405.139
296.523, 205.616, 339.741, 395.489
250.57, 205.96, 340.999, 423.454
207.455, 239.096, 348.345, 448.774
443.09, 257.643, 384.875, 327.285
448.982, 264.896, 388.571, 325.597
54.6011, 297.842, 366.947, 532.529
700.149, 305.79, 435.032, 189.749
81.8924, 306.718, 379.273, 520.607
759.925, 314.537, 443.159, 165.015
374.134, 318.948, 409.621, 364.883
279.742, 323.258, 399.118, 416.596
816.256, 333.878, 459.259, 136.535
165.692, 349.518, 408.989, 480.643
525.537, 359.851, 444.274, 290.316
677.948, 360.699, 464.542, 207.047
233.051, 364.055, 420.382, 441.973
798.352, 379.503, 482.864, 147.044
750.006, 385.808, 482.303, 177.96
547.609, 388.439, 463.595, 278.109
178.051, 397.557, 430.993, 478.405
474.183, 398.027, 464.14, 324.628
90.5874, 403.953, 429.619, 519.052
546.435, 405.048, 471.02, 285.718
649.551, 405.279, 479.595, 227.362
668.621, 405.553, 482.371, 222.469
826.636, 405.787, 500.923, 132.613
747.454, 415.949, 493.503, 179.233
313.296, 420.749, 456.767, 402.821
529.948, 433.477, 484.847, 294.257
555.007, 459.743, 505.666, 284.584
552.901, 461.545, 505.494, 288.295
322.751, 468.362, 484.89, 403.513
595.008, 474.31, 508.118, 266.144
200.265, 482.529, 479.926, 476.474
497.572, 483.296, 508.425, 312.477
407.139, 488.573, 500.909, 365.43
67.0133, 512.87, 481.033, 547.123
30.1683, 515.844, 481.132, 561.024
229.504, 544.129, 515.118, 462.396
346.415, 553.996, 530.826, 399.143
536.241, 558.929, 553.566, 299.508
125.576, 563.587, 520.291, 521.98
406.965, 565.93, 544.193, 371.422
735.521, 566.603, 579.035, 196.54
694.87, 577.725, 573.906, 220.919
703.367, 578.753, 583.021, 216.899
90.2572, 579.363, 525.649, 542.537
734.453, 579.305, 582.756, 198.848
307.5, 580.97, 546.718, 427.187
429.381, 581.186, 551.424, 357.809
671.022, 582.958, 581.367, 230.157
754.64, 583.009, 588.658, 190.09
328.073, 587.869, 547.839, 411.936
714.318, 596.893, 590.98, 216.467
638.337, 603.368, 586.278, 247.758
823.84, 619.227, 612.077, 152.269
132.899, 620.166, 542.735, 525.834
811.106, 627.916, 612.657, 164.213
502.877, 634.535, 592.171, 327.68
373.308, 652.029, 589.487, 396.053
492.47, 27.5244, 268.133, 277.545
284.726, 66.8009, 264.239, 387.999
491.971, 79.0525, 293.469, 282.519
283.989, 81.4539, 276.954, 390.935
546.034, 102.015, 312.744, 256.492
509.931, 104.647, 311.503, 271.477
546.864, 122.431, 321.513, 255.509
808.913, 124.323, 350.439, 120.813
500.647, 137.725, 328.141, 282.659
588.445, 144.482, 338.605, 235.188
541.208, 175.418, 349.538, 260.93
689.473, 212.764, 381.138, 192.48
605.71, 218.864, 378.448, 238.013
355.094, 232.951, 365.86, 369.653
455.899, 235.045, 375.585, 314.319
803.419, 256.6, 420.465, 134.509
626.479, 264.922, 408.863, 228.387
397.849, 274.109, 389.911, 348.61
268.605, 278.046, 375.071, 417.483
243.292, 290.408, 384.127, 431.104
444.984, 298.966, 405.097, 326.85
730.51, 313.05, 440.042, 179.742
713.152, 316.335, 439.576, 184.15
446.76, 318.009, 416.254, 326.655
235.237, 323.121, 399.959, 439.457
112.083, 323.898, 386.913, 505.099
779.653, 324.98, 452.662, 154.851
823.21, 332.334, 459.693, 130.947
812.577, 354.423, 470.776, 140.183
156.168, 357.186, 409.399, 485.003
660.853, 372.752, 465.771, 221.203
334.186, 380.179, 442.414, 392.418
824.742, 383.492, 488.106, 132.124
214.942, 386.554, 431.287, 454.216
97.4557, 393.929, 422.009, 518.752
303.826, 397.614, 446.01, 405.48
460.365, 400.467, 458.264, 329.582
178.42, 407.935, 438.426, 479.055
690.446, 416.29, 491.056, 208.275
430.34, 428.464, 471.942, 347.97
540.669, 461.207, 505.241, 295.16
815.318, 461.64, 530.443, 150.103
460.816, 463.894, 495.597, 333.643
430.844, 476.493, 502.686, 351.984
579.203, 476.966, 515.223, 275.056
756.459, 484.429, 537.532, 179.914
652.063, 491.867, 523.072, 233.095
430.817, 503.809, 512.254, 357.417
363.444, 515.598, 514.482, 393.157
193.207, 545.592, 512.09, 486.516
717.867, 546.661, 563.99, 201.19
183.736, 574.567, 528.557, 491.504
403.288, 578.991, 546.963, 378.927
474.57, 586.481, 556.498, 336.362
193.15, 596.63, 535.836, 490.708
144.588, 606.536, 542.784, 509.432
449.332, 644.469, 586.734, 354.856
104.412, 647.031, 556.587, 538.887
281.899, 105.329, 287.811, 393.805
199.825, 119.277, 287.218, 441.271
238.302, 119.861, 293.406, 420.094
251.887, 125.049, 296.594, 413.307
413.211, 131.287, 314.121, 329.337
353.699, 135.673, 312.132, 358.479
521.571, 159.542, 340.819, 272.564
368.283, 186.526, 340.122, 357.55
581.915, 253.328, 396.865, 256.522
762.583, 253.369, 410.89, 160.078
214.305, 294.611, 381.809, 449.139
644.095, 320.103, 434.686, 222.028
306.012, 329.66, 410.338, 402.787
390.929, 389.27, 450.837, 365.315
491.487, 390.758, 459.324, 311.022
252.981, 395.849, 439.172, 437.594
351.321, 397.23, 449.593, 386.177
593.035, 402.643, 474.564, 259.46
396.101, 403.479, 457.939, 358.007
824.53, 408.925, 503.883, 133.879
87.5868, 446.13, 449.676, 529.817
123.39, 462.579, 460.27, 517.384
370.672, 478.958, 493.795, 382.324
473.357, 510.968, 520.879, 332.902
163.702, 515.369, 494.546, 491.962
105.296, 516.78, 488.993, 526.893
31.4836, 551.726, 499.608, 569.537
606.249, 602.841, 584.303, 266.125
95.0713, 624.5, 544.561, 540.371
807.997, 654.301, 630.507, 165.03
655.871, 104.892, 325.107, 195.008
272.626, 122.099, 296.675, 402.061
104.971, 125.791, 282.683, 490.933
458.746, 132.262, 319.41, 304.291
411.377, 161.152, 329.45, 331.71
670.302, 210.874, 381.709, 201.031
226.666, 214.327, 340.61, 435.156
506.454, 232.654, 377.524, 285.828
248.715, 234.23, 353.104, 425.912
504.05, 288.765, 407.053, 294.755
803.976, 289.091, 434.771, 135.449
310.958, 293.936, 390.981, 394.336
152.879, 297.558, 377.565, 481.4
316.476, 337.494, 414.6, 398.32
413.891, 342.241, 421.492, 347.331
259.445, 345.223, 408.105, 428.406
53.4582, 403.422, 423.591, 542.672
42.125, 410.474, 428.593, 550.701
818.971, 426.923, 511.858, 144.86
397.229, 432.062, 472.978, 365.586
358.515, 441.469, 473.731, 387.335
674.633, 445.513, 505.395, 220.37
533.081, 540.059, 541.855, 304.464
236.713, 547.402, 521.789, 460.02
133.846, 556.326, 510.603, 517.125
34.8392, 561.336, 505.383, 565.978
429.925, 561.638, 548.294, 359.664
792.243, 589.741, 592.032, 170.678
783.061, 593.891, 594.286, 178.205
110.095, 604.992, 536.785, 530.224
399.198, 604.798, 563.386, 382.99
648.567, 619.391, 596.062, 252.988
693.216, 105.13, 327.486, 182.801
699.268, 124.592, 339.277, 178.709
354.853, 145.967, 317.373, 358.72
799.561, 210.371, 394.535, 132.71
156.233, 303.727, 381.197, 479.553
678.841, 317, 438.65, 205.71
246.38, 364.409, 421.887, 438.272
187.556, 364.481, 416.358, 471.567
824.059, 445.444, 519.132, 142.511
602.909, 449.931, 501.17, 257.977
770.896, 462.084, 524.209, 166.572
48.6168, 484.54, 465.701, 554.314
280.559, 490.056, 492.562, 430.479
161.782, 499.176, 485.861, 491.067
187.228, 519.754, 498.473, 484.413
254.993, 530.297, 509.72, 449.344
434.495, 586.362, 558.902, 357.988
98.2548, 591.121, 527.359, 536.422
355.398, 600.219, 557.58, 400.748
771.194, 654.019, 625.233, 189.223
280.696, 147.961, 311.638, 399.292
214.729, 169.17, 315.706, 437.097
86.5331, 202.897, 321.142, 507.571
820.934, 259.369, 422.373, 126.94
697.587, 261.729, 410.6, 187.681
352.007, 286.078, 390.856, 374.36
658.683, 335.896, 446.32, 218.397
680.253, 340.129, 450.875, 207.178
767.926, 348.134, 463.045, 162.297
231.199, 351.405, 413.492, 445.909
716.485, 361.322, 465.872, 190.213
200.816, 395.589, 429.913, 461.439
216.94, 410.082, 448.452, 456.738
151.651, 431.123, 447.835, 495.691
602.546, 459.019, 506.129, 259.679
95.062, 473.07, 468.925, 527.256
482.044, 528.903, 531.043, 330.059
786.4, 565.765, 581.131, 171.67
167.076, 603.121, 536.461, 498.369
506.07, 75.5518, 295.072, 274.301
280.152, 131.492, 306.136, 401.439
262.614, 210.329, 341.4, 415.889
504.174, 215.993, 368.206, 288.252
682.404, 253.258, 405.318, 198.206
130.136, 315.088, 384.084, 490.24
724.44, 351.245, 460.803, 185.298
175.751, 374.608, 420.919, 475.822
387.535, 409.895, 459.606, 368.429
816.182, 415.537, 499.661, 145.981
48.4946, 442.491, 443.722, 549.865
63.1963, 443.03, 445.202, 541.109
784.246, 454.733, 520.632, 164.812
454.038, 568.037, 547.896, 344.009
481.337, 173.519, 344.428, 296.003
169.578, 216.759, 337.067, 464.515
709.384, 238.662, 400.181, 182.617
80.6718, 293.256, 368.661, 518.98
45.4996, 304.749, 371.215, 538.822
327.009, 391.46, 443.958, 398.047
487.096, 401.626, 464.788, 314.897
133.99, 431.321, 446.185, 504.144
150.831, 452.771, 459.191, 499.011
458.406, 453.829, 486.014, 337.065
50.1216, 515.047, 482.968, 556.041
669.247, 114.419, 331.037, 193.097
307.711, 249.225, 366.917, 394.392
725.786, 288.616, 430.389, 177.602
219.434, 371.461, 423.093, 451.988
235.928, 599.038, 547.582, 460.652
230.296, 303.417, 388.691, 442.176
563.266, 383.733, 463.169, 273.123
760.539, 407.976, 492.644, 176.547
70.4962, 479.487, 465.501, 542.455
534.382, 226.017, 377.167, 272.436
406.395, 253.615, 378.564, 341.275
516.241, 250.176, 388.375, 283.678
710.424, 404.84, 488.279, 197.023
444.773, 475.269, 497.618, 346.696
454.966, 211.962, 362.117, 314.252
466.676, 301.321, 411.186, 315.671
393.494, 307.589, 405.742, 355.116
140.324, 475.29, 469.519, 506.595
620.782, 118.484, 329.765, 214.722
614.85, 162.36, 351.611, 223.747
409.1, 213.789, 357.296, 343.569
410.448, 505.106, 512.468, 368.358
609.422, 489.418, 522.485, 258.256
490.678, 322.838, 425.857, 306.62
