367.334, 23.0668, 306.723, 69.0371
65.1366, 23.304, 82.3106, 79.7035
426.363, 23.6158, 352.511, 67.7725
446.83, 24.319, 369.384, 67.4652
706.705, 24.3915, 592.581, 56.4652
586.404, 24.9305, 485.535, 62.6171
869.403, 25.0118, 744.298, 49.7778
213.66, 26.0113, 189.452, 77.1785
477.128, 28.0174, 395.194, 69.5098
435.295, 28.2636, 362.272, 73.2548
643.226, 28.419, 535.508, 63.4021
742.748, 29.8327, 624.907, 60.5884
276.821, 32.0483, 237.085, 80.4521
757.103, 33.056, 638.241, 63.1581
89.8466, 34.5103, 99.9763, 88.5975
246.667, 34.7305, 214.505, 84.2407
630.511, 37.1965, 525.177, 73.0861
561.287, 37.4403, 464.837, 75.9215
162.957, 38.2285, 153.028, 90.2699
602.681, 39.3651, 500.333, 76.1712
123.08, 39.9235, 126.355, 93.0696
469.092, 41.5016, 387.723, 83.0137
671.018, 41.5158, 559.834, 75.5531
678.087, 43.4655, 566.965, 77.4061
702.356, 43.2961, 588.085, 76.1303
474.547, 45.1946, 392.555, 86.5147
390.446, 45.4145, 325.923, 89.194
487.231, 46.0663, 403.037, 87.0405
235.978, 46.5259, 206.511, 95.769
510.841, 46.5262, 422.36, 89.8368
396.05, 47.7592, 329.635, 91.9298
678.36, 47.9212, 566.841, 81.9296
362.983, 51.4093, 303.687, 96.279
319.501, 55.517, 269.034, 101.7
171.161, 55.8468, 158.965, 106.149
916.094, 56.3209, 791.15, 81.5268
764.959, 57.3266, 645.285, 88.3161
785.947, 58.1671, 664.945, 88.4013
831.598, 58.3529, 708.335, 87.0576
397.478, 59.0747, 330.893, 102.468
680.935, 59.0115, 569.887, 93.3751
730.952, 58.995, 614.562, 91.4933
655.148, 61.115, 546.974, 96.3354
727.604, 62.2057, 611.377, 95.0967
211.138, 62.4023, 188.09, 111.377
843.494, 63.0773, 720.863, 92.109
789.564, 63.6349, 669.23, 94.1798
556.315, 66.8471, 458.845, 105.813
792.647, 67.8293, 672.49, 98.8132
97.9975, 68.2032, 107.063, 119.576
728.995, 67.7585, 613.003, 100.536
162.291, 69.5605, 153.154, 119.16
610.292, 71.56, 507.516, 108.581
572.379, 72.7141, 475.205, 110.578
454.797, 73.4001, 377.655, 114.928
505.234, 74.1813, 418.364, 114.465
364.082, 74.9746, 304.609, 119.114
651.796, 78.3243, 543.856, 113.56
799.95, 78.2995, 679.212, 109.209
146.679, 82.5756, 142.111, 131.346
716.049, 83.5484, 601.506, 117.425
762.881, 83.6344, 644.428, 116.058
793.499, 83.7472, 673.606, 114.993
309.134, 84.0359, 262.721, 129.071
771.455, 84.0173, 652.407, 116.218
827.46, 84.8318, 702.015, 116.025
353.047, 85.5413, 296.531, 130.052
624.573, 87.5982, 519.807, 124.306
218.812, 87.8651, 194.697, 135.166
258.715, 88.5369, 224.22, 134.801
759.663, 88.588, 641.657, 121.594
184.135, 88.8789, 169.98, 136.653
110.906, 91.0377, 114.089, 140.535
784.43, 91.1862, 664.788, 123.426
752.336, 92.5993, 634.809, 126.179
689.41, 92.8712, 577.359, 127.562
148.828, 93.6335, 141.848, 142.222
49.7678, 93.9131, 78.0146, 142.586
590.881, 94.1102, 491.439, 131.498
664.55, 96.0282, 555.653, 131.809
506.647, 96.6356, 420.162, 136.378
339.36, 100.11, 286.677, 143.607
357.836, 103.525, 300.622, 146.596
50.6599, 104.562, 75.8187, 153.71
428.991, 105.694, 357.095, 147.153
689.324, 106.257, 577.93, 141.609
234.416, 107.318, 206.061, 149.802
631.632, 109.311, 526.114, 146.204
804.383, 113.986, 684.674, 146.589
372.545, 114.875, 312.407, 157.011
65.8904, 115.666, 84.2382, 163.577
207.844, 115.402, 187.093, 161.089
694.716, 115.514, 582.756, 151.059
837.884, 115.528, 715.925, 147.694
674.381, 115.867, 564.123, 151.82
423.551, 117.562, 352.136, 158.101
788.513, 117.463, 669.208, 151.029
877.134, 117.393, 753.696, 148.348
325.816, 120.515, 276.119, 163.622
540.515, 120.459, 448.94, 159.157
178.48, 121.296, 164.78, 166.515
460.92, 122.141, 383.507, 162.91
612.081, 121.99, 510.209, 159.634
666.656, 121.933, 558.131, 158.312
798.859, 122.468, 678.36, 156.045
291.564, 123.315, 249.083, 166.577
557.549, 123.874, 462.941, 162.53
498.532, 125.117, 413.861, 164.81
183.571, 125.625, 169.64, 170.812
565.698, 135.165, 470.848, 173.707
364.564, 135.377, 307.127, 175.936
778.167, 138.004, 659.766, 172.932
245.821, 138.448, 215.149, 181.911
85.5971, 140.604, 98.9308, 185.694
879.09, 141.501, 754.006, 176.619
57.934, 142.913, 80.008, 188.273
765.392, 145.163, 647.538, 180.329
46.8493, 150.029, 72.5224, 195.267
732.404, 150.5, 617.677, 187.169
635.671, 153.02, 530.697, 190.542
747.516, 153.503, 630.979, 189.596
298.748, 156.386, 256.092, 197.886
650.374, 156.399, 543.866, 193.622
745.392, 157.415, 630.438, 195.98
283.406, 159.39, 244.074, 201.126
506.74, 161.01, 421.944, 199.663
216.459, 164.598, 194.019, 206.465
741.393, 165.293, 625.43, 201.884
62.302, 167.642, 84.2121, 210.51
528.766, 168.784, 439.253, 207.92
699.29, 169.163, 587.368, 206.182
927.66, 168.629, 802.511, 205.816
24.5256, 172.3, 57.2677, 215.401
389.585, 172.412, 326.165, 212.658
857.13, 172.492, 735.182, 207.957
556.764, 174.299, 463.246, 213.335
713.085, 175.11, 599.918, 212.41
415.897, 175.97, 347.529, 216.074
823.345, 175.864, 702.332, 212.043
336.352, 176.999, 283.101, 215.975
594.046, 178.375, 495.094, 216.5
478.427, 179.353, 397.714, 218.377
400.697, 179.987, 335.133, 219.957
471.833, 180.155, 392.054, 219.253
516.922, 180.381, 429.584, 219.026
245.146, 181.374, 216.01, 221.977
179.457, 181.982, 171.44, 225.179
629.506, 182.395, 525.873, 220.377
424.52, 182.935, 353.951, 222.047
136.013, 184.325, 137.178, 228.321
443.426, 184.541, 370.34, 223.883
484.928, 184.59, 406.54, 224.291
480.359, 185.429, 399.77, 224.559
521.649, 187.058, 433.953, 226.1
597.379, 187.061, 498.171, 225.376
273.277, 187.52, 236.656, 227.664
608.111, 188.244, 507.355, 226.628
178.352, 188.984, 166.755, 229.904
278.889, 190.6, 241.45, 230.495
796.058, 190.569, 680.267, 226.339
80.7007, 190.788, 96.9958, 231.743
371.434, 191.361, 312.496, 230.899
444.126, 194.276, 370.521, 233.51
849.851, 194.586, 727.872, 231.443
117.46, 195.087, 122.97, 235.489
654.192, 196.287, 548.287, 234.535
487.741, 197.086, 406.061, 235.987
432.229, 198.187, 360.637, 237.21
528.465, 198.207, 440.067, 237.046
376.538, 198.837, 316.503, 238.196
687.085, 199.7, 577.049, 237.985
149.184, 201.338, 145.182, 240.124
436.321, 200.839, 363.976, 240.041
398.404, 201.225, 334.273, 240.634
597.426, 202.203, 498.178, 240.568
158.627, 205.997, 153.774, 245.388
140.464, 206.407, 140.732, 245.707
781.144, 207.232, 663.524, 245.47
387.465, 210.079, 328.346, 249.343
687.377, 210.381, 577.673, 248.841
539.042, 212.209, 449.136, 250.518
652.135, 211.833, 546.721, 250.409
875.62, 213.315, 753.728, 251.789
103.583, 216.428, 114.808, 254.02
868.268, 216.331, 746.92, 254.879
183.88, 218.142, 171.728, 256.423
449.405, 217.881, 374.826, 256.488
370.766, 219.463, 312.681, 257.99
377.603, 219.293, 318.549, 257.723
95.9973, 221.443, 108.236, 260.13
549.351, 223.074, 457.944, 261.17
742.025, 222.993, 628.415, 261.957
707.102, 228.123, 595.958, 266.782
833.858, 231.189, 714.354, 270.428
191.215, 233.519, 176.978, 270.617
499.409, 233.962, 416.084, 272.118
820.935, 234.92, 701.847, 274.768
514.955, 236.055, 429.319, 274.473
880.588, 236.157, 759.445, 276.128
723.59, 236.833, 611.195, 276.183
368.376, 237.715, 311.417, 275.659
558.765, 237.374, 466.497, 275.822
737.349, 237.976, 623.901, 277.418
745.765, 238.224, 631.785, 277.638
756.706, 238.141, 641.064, 277.627
831.898, 237.926, 712.166, 278.053
297.43, 238.643, 256.65, 276.046
838.801, 239.147, 718.958, 279.469
698.122, 239.978, 588.142, 279.301
645.36, 241.628, 540.347, 280.586
295.442, 243.036, 258.012, 281.914
150.036, 244.593, 147.798, 280.922
841.328, 246.114, 721.498, 286.521
281.643, 246.736, 244.092, 283.659
781.117, 246.997, 664.258, 286.925
137.743, 249.235, 138.775, 285.299
794.895, 248.864, 677.007, 289.567
633.02, 251.555, 530.895, 290.571
268.65, 252.045, 234.739, 288.67
306.47, 253.056, 263.594, 289.895
763.023, 253.095, 647.041, 293.353
714.853, 253.422, 603.645, 293.101
768.944, 255.319, 651.213, 295.117
856.452, 259.591, 736.926, 300.811
250.381, 260.44, 221.329, 296.438
728.042, 260.572, 615.873, 300.753
741.448, 260.397, 628.023, 300.772
521.801, 261.946, 435.398, 300.089
906.941, 262.597, 786.026, 304.7
536.856, 263.759, 448.461, 302.179
615.1, 266.296, 515.479, 305.093
297.421, 268.366, 257.042, 304.073
222.553, 268.818, 201.198, 303.585
524.628, 269.115, 435.219, 305.359
675.564, 269.175, 568.504, 308.552
421.094, 270.542, 354.188, 307.561
287.647, 271.477, 250.268, 307.31
237.127, 273.7, 213.129, 311.901
605.885, 273.437, 507.357, 312.675
212.023, 273.935, 193.08, 308.305
150.215, 274.542, 148.161, 308.656
762.913, 274.595, 647.74, 315.724
739.727, 275.208, 626.639, 316.129
335.569, 275.663, 286.881, 311.465
460.824, 275.521, 386.21, 313.124
476.137, 277.559, 401.692, 316.566
389.904, 280.448, 329.002, 316.383
288.964, 281.177, 254.199, 314.421
760.372, 281.342, 645.532, 322.893
121.772, 282.977, 127.714, 317.022
648.092, 285.302, 544.664, 324.474
833.734, 285.678, 712.834, 328.772
287.989, 286.637, 250.055, 321.309
519.088, 287.567, 434.287, 325.397
720.27, 288.296, 608.432, 329.262
806.021, 290.92, 688.68, 333.394
794.938, 291.328, 678.178, 333.518
579.03, 291.837, 485.246, 330.581
602.896, 291.883, 505.668, 330.856
690.83, 292.119, 582.922, 332.129
713.851, 292.41, 603.11, 333.431
762.936, 292.423, 648.557, 334.564
630.227, 293.061, 529.44, 332.411
388.824, 294.192, 329.108, 330.012
464.04, 296.571, 388.888, 333.622
795.763, 296.659, 679.212, 338.886
878.874, 297.724, 758.238, 341.573
870.969, 298.157, 750.784, 342.37
391.598, 299.006, 330.81, 334.725
863.326, 302.067, 743.617, 346.619
591.272, 302.625, 495.781, 341.767
238.326, 303.506, 213.305, 336.515
856.064, 304.53, 736.289, 348.79
92.3431, 304.898, 108.502, 338.995
688.457, 305.022, 581.005, 345.814
680.578, 305.687, 573.971, 346.029
881.253, 306.47, 760.676, 351.153
802.45, 307.692, 685.246, 350.793
420.419, 307.855, 353.629, 343.542
866.513, 308.059, 747.09, 352.506
290.419, 310.009, 251.908, 343.159
537.638, 310.304, 450.115, 348.035
437.304, 313.991, 367.601, 349.957
796.323, 313.936, 679.95, 357.45
47.0207, 315.936, 76.0671, 344.553
193.669, 316.174, 182.026, 347.799
526.822, 316.708, 441.371, 354.326
467.634, 318.106, 392.973, 353.908
473.965, 318.327, 398.537, 354.681
614.774, 318.11, 516.247, 357.553
32.9603, 320.68, 67.0186, 348.876
39.7487, 320.838, 70.1198, 346.541
480.065, 321.393, 403.097, 357.65
857.532, 321.338, 738.99, 366.56
211.353, 322.136, 194.183, 353.556
562.567, 322.702, 471.749, 360.945
516.124, 323.202, 432.766, 360.999
403.584, 324.176, 340.948, 359.085
838.661, 324.19, 720.966, 369.172
186.564, 324.614, 176.081, 355.314
715.93, 325.473, 605.96, 367.523
548.551, 329.88, 459.897, 367.64
126.95, 330.656, 136.353, 359.537
678.825, 330.853, 572.448, 371.918
816.584, 331.113, 700.018, 375.849
290.984, 332.637, 253.949, 364.95
709.861, 335.591, 603.399, 377.942
258.585, 336.629, 229.582, 367.919
302.83, 338.264, 265.477, 371.083
543.483, 342.418, 455.345, 379.873
678.147, 345.645, 571.164, 386.375
243.5, 347.716, 218.344, 377.848
830.477, 347.462, 713.294, 393.569
469.96, 347.864, 395.77, 379.988
843.691, 348.533, 725.866, 395.096
661.948, 349.025, 557.524, 390.179
789.666, 348.808, 674.493, 393.795
247.69, 349.907, 221.875, 380.601
585.208, 350.659, 491.015, 389.89
669.747, 350.946, 564.464, 392.385
819.06, 351.151, 703.952, 397.994
550.153, 352.608, 462.061, 390.755
378.536, 353.585, 321.868, 386.986
919.64, 354.141, 800.069, 403.544
325.088, 356.77, 280.457, 388.576
595.681, 358.669, 500.018, 397.736
518.074, 361.695, 434.801, 398.654
235.359, 363.19, 212.575, 393.833
181.888, 364.435, 172.438, 392.555
132.345, 365.65, 137.241, 387.973
801.835, 365.554, 685.969, 411.652
520.7, 366.009, 437.031, 405.134
744.856, 366.109, 633.117, 410.434
606.442, 366.724, 509.563, 405.992
562.568, 367.433, 472.501, 405.68
28.6214, 368.961, 65.1517, 392.32
182.232, 369.494, 173.351, 396.573
438.924, 371.005, 370.734, 405.073
420.079, 371.576, 358.871, 405.326
374.536, 372.362, 318.881, 404.438
779.062, 373.093, 664.596, 418.695
167.938, 373.624, 163.819, 401.268
216.926, 373.554, 199.4, 401.55
336.775, 373.597, 289.99, 404.73
601.973, 373.712, 505.912, 413.134
572.084, 374.185, 480.252, 412.536
767.382, 374.953, 653.9, 420.395
525.697, 375.474, 443.261, 413.822
534.065, 375.402, 448.449, 412.769
297.413, 376.183, 260.006, 406.488
449.902, 376.099, 378.862, 410.827
360.483, 376.706, 308.223, 408.582
558.999, 376.912, 469.305, 415.049
579.486, 377.597, 487.118, 416.374
158.049, 379.155, 155.974, 405.199
258.946, 379.817, 230.857, 408.499
342.561, 381.32, 294.353, 411.914
761.851, 382.289, 648.79, 427.48
168.23, 383.291, 166.417, 410.37
438.285, 382.831, 369.938, 416.764
636.139, 383.473, 535.788, 424.142
653.989, 383.298, 551.325, 424.328
788.855, 383.434, 674.292, 429.674
689.324, 384.321, 582.987, 427.022
714.025, 384.848, 604.548, 428.458
881.963, 385.485, 763.526, 435.63
412.618, 388.583, 349.673, 421.534
783.948, 389.823, 669.23, 436.624
865.48, 394.548, 744.868, 446.901
567.362, 395.608, 476.54, 433.719
817.026, 396.229, 701.383, 444.835
904.494, 396.965, 784.819, 448.783
740.64, 398.654, 629.9, 444.092
509.916, 399.364, 428.336, 435.465
769.989, 401.075, 656.988, 448.029
897.428, 401.182, 775.67, 452.386
809.088, 405.36, 694.959, 456.663
241.731, 406.18, 219.108, 432.432
342.227, 406.566, 295.498, 436.145
434.236, 409.706, 367.189, 442.633
279.362, 410.877, 247.227, 441.005
712.56, 411.21, 603.835, 455.608
741.461, 410.757, 630.44, 456.379
148.025, 412.061, 150.073, 435.007
748.036, 412.669, 636.537, 458.595
626.601, 413.131, 528.198, 453.855
637.752, 413.075, 538.111, 454.356
413.076, 415.613, 350.085, 444.512
668.706, 415.419, 565.036, 458.365
800.326, 415.507, 685.296, 464.077
263.84, 422.052, 234.932, 447.886
352.108, 426.255, 303.129, 455.354
613.601, 426.924, 517.513, 467.056
224.392, 427.955, 206.584, 454.529
396.018, 428.324, 335.423, 462.015
433.513, 432.106, 367.35, 464.19
492.426, 432, 415.13, 466.321
612.984, 432.03, 517.017, 472.103
420.764, 432.394, 356.536, 463.925
211.288, 432.704, 193.514, 455.273
314.638, 432.809, 274.011, 460.012
539.164, 433.594, 453.486, 470.054
455.002, 434.936, 382.067, 469.051
50.326, 435.485, 80.995, 452.896
738.707, 437.78, 628.358, 484.06
744.918, 437.774, 634.282, 484.502
725.228, 438.508, 616.186, 484.296
587.931, 439.506, 495.196, 478.615
845.452, 439.542, 728.38, 491.442
258.674, 442.477, 231.444, 466.954
221.883, 444.483, 203.319, 465.949
716.579, 445.903, 609.23, 491.135
93.3884, 446.599, 111.245, 464.168
504.431, 446.281, 425.03, 481.135
665.901, 446.899, 563.599, 489.878
865.503, 448.505, 747.857, 502.086
601.906, 449.426, 507.245, 489.106
90.3871, 452.12, 108.301, 469.831
208.04, 453.705, 194.506, 475.757
346.885, 454.299, 298.852, 481.83
526.075, 460.38, 443.42, 496.306
549.417, 460.284, 462.911, 497.228
339.504, 461.612, 296.884, 487.007
586.051, 461.683, 493.825, 500.538
606.964, 462.016, 512.133, 501.847
404.679, 462.998, 344.939, 493.069
667.52, 463.118, 565.581, 506.255
351.713, 464.426, 303.045, 491.859
523.102, 464.633, 441.454, 500.68
266.181, 465.708, 237.587, 489.656
631.921, 465.868, 534.307, 507.196
295.257, 466.435, 259.292, 491.302
274.411, 469.959, 244.049, 493.444
676.959, 470.712, 574.398, 514.502
779.242, 472.05, 666.954, 521.81
194.255, 473.194, 182.106, 492.501
261.813, 476.098, 234.762, 498.649
885.049, 476.143, 767.35, 532.554
567.889, 477.031, 479.269, 515.264
820.607, 477.721, 705.329, 530.278
832.513, 477.85, 716.019, 531.633
845.106, 478.297, 729.361, 532.745
365.735, 479.037, 314.286, 505.969
502.689, 480.334, 424.085, 514.515
556.493, 482.369, 468.926, 519.501
658.816, 482.368, 557.198, 523.424
370.834, 483.391, 317.653, 510.546
397.944, 483.739, 339.586, 512.518
493.324, 483.997, 415.447, 515.882
457.356, 485.537, 387.296, 517.333
752.009, 486.571, 642.366, 534.193
410.067, 487.976, 349.446, 517.203
516.936, 487.853, 435.848, 522.963
490.757, 490.607, 415.107, 524.077
391.569, 491.111, 334.367, 519.069
303.929, 492.181, 266.231, 517.951
632.316, 492.56, 532.585, 533.807
322.862, 494.235, 281.474, 518.477
616.531, 496.213, 521.19, 536.818
833.627, 497.233, 717.531, 548.69
259.045, 497.315, 233.063, 518.291
461.659, 497.945, 391.218, 529.585
250.549, 501.367, 225.255, 521.558
764.978, 502.031, 654.391, 552.097
178.586, 502.741, 174.244, 520.038
422.108, 503.105, 359.521, 532.293
851.915, 503.096, 736.062, 558.879
732.068, 504.051, 624.488, 551.812
116.5, 506.168, 129.978, 519.561
728.924, 507.978, 621.183, 555.496
739.204, 508.73, 630.116, 557.025
758.988, 514.647, 648.472, 564.674
564.965, 515.477, 477.408, 552.869
88.0804, 516.697, 108.491, 529.801
358.987, 517.483, 310.121, 542.873
406.45, 519.874, 350.051, 547.042
146.692, 520.73, 151.742, 534.408
207.604, 521.228, 195.714, 537.788
581.978, 521.666, 492.203, 559.975
223.948, 522.559, 208.062, 540.055
673.949, 522.424, 571.705, 567.068
735.043, 522.527, 627.068, 570.968
162.593, 524.053, 163.372, 537.636
772.493, 523.92, 661.623, 575.295
752.315, 524.77, 642.722, 574.623
638.534, 525.409, 539.257, 565.751
147.598, 527.595, 152.287, 540.966
314.054, 527.715, 274.194, 549.217
742.812, 527.404, 634.273, 576.828
815.018, 527.992, 702.048, 582.618
275.611, 528.29, 247.304, 548.416
211.249, 530.452, 199.635, 549.28
369.354, 530.894, 318.714, 555.543
697.195, 531.071, 593.038, 577.707
244.801, 532.802, 222.007, 550.065
799.379, 533.091, 687.406, 586.5
837.35, 533.123, 723.127, 589.322
883.95, 534.01, 768.125, 593.998
288.355, 535.662, 256.471, 555.859
135.462, 535.986, 144.034, 547.605
388.547, 536.526, 333.979, 562.645
785.472, 537.053, 673.607, 589.594
219.319, 537.929, 204.446, 553.984
170.483, 538.533, 168.952, 552.106
425.49, 540.495, 364.214, 569.107
509.664, 542.034, 430.99, 575.424
472.467, 542.525, 400.922, 573.503
114.991, 545.095, 130.633, 554.997
154.532, 546.05, 155.029, 557.393
737.895, 546.153, 629.711, 595.564
556.102, 546.645, 470.575, 584.689
709.902, 547.04, 606.37, 596.453
430.171, 547.98, 366.566, 576.158
590.359, 549.919, 498.658, 589.087
595.728, 550.004, 504.539, 589.478
607.977, 549.882, 514.898, 590.185
648.846, 550.95, 550.036, 594.059
209.327, 553.651, 197.98, 568.045
317.956, 554.323, 278.625, 573.939
692.036, 555.643, 588.885, 601.813
633.56, 556, 536.357, 598.082
800.857, 557.648, 688.673, 612.105
461.57, 558.008, 392.771, 587.992
787.218, 558.054, 675.987, 611.6
722.175, 559.043, 615.818, 607.533
267.3, 559.812, 240.989, 576.948
366.623, 560.714, 317.563, 584.51
769.376, 560.538, 659.415, 612.955
463.441, 561.664, 394.471, 591.639
806.321, 563.991, 694.059, 619.639
76.5785, 566.862, 103.181, 572.782
914.853, 567.162, 798.752, 632.017
427.59, 567.961, 366.136, 595.162
537.121, 568.118, 454.603, 603.002
98.7592, 569.499, 118.394, 576.254
808.364, 573.923, 696.156, 629.865
241.029, 576.079, 221.159, 591.217
416.587, 575.792, 356.782, 602.403
292.007, 577.068, 260.85, 595.422
176.961, 578.152, 173.999, 588.267
168.907, 578.493, 168.888, 588.548
436.385, 580.036, 372.864, 607.323
532.591, 579.924, 452.398, 615.056
339.152, 582.6, 296.541, 603.125
138.517, 586.052, 147.203, 593.583
24.6925, 589.631, 67.5091, 590.047
743.684, 591.319, 637.026, 642.322
191.426, 592.107, 186.56, 602.28
388.309, 592.132, 334.999, 615.726
161.116, 594.465, 163.735, 602.427
338.446, 595.712, 296.706, 615.644
260.856, 597.454, 237.326, 611.652
132.533, 597.948, 144.21, 603.836
151.015, 598.533, 157.17, 605.869
574.473, 599.23, 487.103, 636.767
274.617, 599.343, 248.512, 614.453
698.51, 605.239, 594.373, 652.329
652.914, 606.775, 555.468, 650.078
265.111, 609.212, 240.7, 623.395
211.912, 610.072, 199.767, 622.758
657.739, 610.16, 559.92, 654.364
391.814, 610.504, 336.307, 635.931
397.705, 613.228, 343.314, 636.636
536.067, 612.851, 455.03, 647.065
97.6041, 613.45, 118.878, 616.033
503.595, 618.04, 429.15, 649.974
491.59, 622.304, 419.417, 652.589
186.159, 623.004, 182.98, 630.486
158.467, 623.569, 162.45, 629.158
121.805, 625.365, 135.678, 628.53
238.895, 627.084, 221.695, 638.175
302.717, 632.963, 269.381, 648.084
295.688, 636.581, 263.322, 650.718
223.393, 637.92, 209.898, 647.016
66.41, 638.273, 94.1679, 636.064
157.958, 641.014, 162.053, 645.19
113.448, 646.016, 131.149, 646.549
124.915, 647.134, 138.788, 648.147
132.595, 650.051, 144.663, 652.107
74.8768, 651.646, 101.595, 649.901
849, 24.9517, 725.169, 50.8904
299.344, 27.4905, 254.36, 75.6066
259.153, 28.7753, 223.794, 78.0405
304.292, 28.9848, 258.402, 76.6594
606.117, 28.8133, 503.195, 65.2019
316.718, 30.1169, 267.007, 77.2107
252.186, 30.9921, 218.819, 80.4773
205.297, 32.9667, 183.672, 84.1111
595.023, 33.2041, 493.588, 70.3209
292.936, 33.646, 249.408, 82.0177
429.036, 36.7053, 355.568, 79.8391
518.02, 37.8052, 428.623, 77.854
854.845, 38.017, 730.607, 64.9743
112.804, 39.4195, 118.498, 93.3162
635.027, 39.9033, 528.608, 75.3582
148.074, 45.7283, 142.238, 97.5431
598.984, 45.567, 497.192, 82.5948
451.025, 48.6247, 373.294, 90.9719
407.902, 50.9821, 338.587, 94.5063
756.383, 50.7153, 637.923, 81.7407
48.5616, 54.3799, 72.5728, 107.718
253.415, 54.8628, 220.582, 102.684
589.896, 55.8073, 490.36, 93.5367
889.117, 59.6564, 764.113, 85.9746
709.44, 59.8772, 595.196, 93.1382
849.931, 60.6557, 726.342, 88.9197
766.637, 60.925, 647.688, 92.3848
110.488, 61.2767, 115.019, 113.004
498.772, 61.5826, 412.928, 102.103
542.845, 62.8428, 449.384, 101.901
427.008, 63.7825, 354.954, 106.431
446.16, 63.9107, 370.044, 106.089
205.767, 65.1376, 184.323, 113.878
76.6141, 66.3995, 91.9527, 118.431
694.503, 66.8419, 582.132, 100.704
30.4381, 68.1621, 59.6696, 120.928
632.364, 67.8507, 526.938, 104.063
433.966, 71.8046, 360.929, 113.97
490.103, 72.0865, 405.958, 112.717
475.81, 73.5254, 394.341, 114.466
341.583, 76.1009, 287.374, 120.731
659.333, 76.0365, 551.032, 111.532
849.343, 78.4477, 726.352, 107.408
95.8091, 79.0463, 105.554, 129.497
141.938, 84.1858, 138.986, 133.346
225.095, 84.0602, 199.284, 131.112
232.968, 88.1083, 204.905, 134.629
902.491, 87.986, 778.233, 116.489
569.117, 88.5223, 472.684, 126.815
893.369, 88.4463, 769.633, 117.464
147.618, 90.2194, 143.011, 138.482
124.038, 90.5687, 126.344, 139.507
869.694, 90.8864, 745.462, 120.592
34.8174, 92.3166, 63.8974, 142.98
726.094, 94.4195, 611.673, 128.268
80.6205, 97.0855, 94.8975, 146.486
553.391, 97.0168, 457.888, 135.827
153.702, 97.4608, 147.302, 145.028
396.497, 98.0892, 331.17, 140.599
448.058, 99.9067, 371.622, 141.235
468.544, 100.798, 388.643, 141.942
620.768, 101.865, 516.869, 138.923
469.123, 106.027, 389.24, 146.659
281.379, 107.157, 242.416, 151.576
350.978, 108.16, 295.324, 151.227
345.33, 108.436, 290.62, 151.78
748.802, 109.605, 631.562, 143.584
187.264, 110.621, 171.35, 157.138
167.25, 111.155, 157.421, 157.699
407.944, 111.481, 340.002, 153.377
591.912, 111.31, 492.324, 149.32
442.944, 111.761, 368.409, 153.538
174.739, 114.671, 163.564, 160.513
403.233, 116.964, 336.598, 158.455
317.658, 120.103, 270.056, 162.885
411.051, 119.879, 342.421, 161.342
656.027, 120.587, 548.294, 157.17
126.891, 120.976, 128.359, 167.342
661.229, 121.12, 553.027, 157.635
855.229, 120.956, 732.194, 153.018
629.861, 121.304, 525.068, 158.021
817.004, 122.432, 696.495, 155.788
618.458, 122.989, 515.869, 160.454
629.421, 125.176, 524.842, 162.549
711.838, 125.151, 598.145, 160.961
276.917, 127.447, 238.198, 170.94
366.555, 128.025, 307.52, 170.028
232.611, 130.647, 205.447, 174.793
442.772, 131.649, 371.468, 171.824
559.829, 131.587, 465.4, 170.086
453.364, 133.128, 377.043, 173.946
844.177, 132.919, 722.503, 165.755
481.084, 134.104, 399.754, 174.055
412.352, 134.283, 343.703, 175.362
397.511, 135.061, 332.943, 176.405
74.8485, 135.859, 92.0284, 181.931
259.12, 136.656, 225.512, 180.034
853.946, 136.716, 731.088, 169.545
768.549, 138.547, 650.543, 173.545
550.238, 139.305, 457.029, 178.31
111.405, 139.725, 118.149, 184.736
160.322, 140.41, 152.34, 184.717
557.546, 140.325, 463.007, 178.572
624.45, 140.54, 520.905, 178.182
667.891, 140.919, 558.867, 177.725
120.879, 141.423, 124.836, 186.15
222.898, 142.52, 198.729, 186.034
465.042, 142.531, 386.318, 182.44
643.682, 142.911, 537.514, 180.054
269.714, 144.024, 233.071, 186.471
525.441, 144.551, 436.478, 183.727
197.546, 145.384, 179.931, 188.957
814.557, 145.626, 693.821, 180.058
603.243, 146.29, 502.875, 184.466
788.021, 148.454, 668.592, 183.465
468.184, 150.32, 389.357, 190.355
177.341, 151.84, 165.963, 194.598
835.413, 151.888, 713.315, 186.34
275.413, 153.121, 238.163, 194.949
774.906, 153.05, 657.116, 188.366
555.252, 153.976, 461.586, 192.692
397.407, 155.832, 332.223, 195.951
459.281, 156.296, 381.589, 195.918
540.113, 156.278, 448.723, 195.04
49.6627, 157.081, 74.8419, 201.358
237.708, 157.733, 209.9, 199.768
160.01, 158.707, 153.288, 201.588
379.762, 158.494, 317.719, 199.651
863.298, 159.124, 740.516, 193.691
682.75, 159.836, 572.709, 196.762
638.756, 161.313, 533.319, 198.771
720.513, 161.4, 606.456, 197.996
157.476, 162.521, 151.277, 205.549
277.897, 163.456, 239.626, 205.014
546.685, 163.897, 454.272, 202.537
290.818, 165.015, 249.701, 206.424
243.377, 166.162, 214.419, 207.999
507.865, 168.682, 421.577, 207.439
777.398, 168.827, 658.925, 204.957
514.19, 170.263, 426.91, 209.343
859.585, 169.78, 737.649, 204.999
470.892, 172.163, 391.463, 211.741
458.027, 172.549, 380.699, 211.908
628.507, 173.384, 524.179, 211.449
46.1947, 174.373, 72.5683, 216.846
569.057, 175.689, 473.162, 214.103
748.59, 176.702, 632.091, 213.796
655.803, 178.189, 550.371, 216.128
198.649, 179.102, 181.444, 220.376
138.12, 179.851, 137.544, 221.053
284.555, 182.707, 245.201, 223.243
355.836, 184.03, 300.673, 223.579
776.127, 184.354, 658.026, 221.14
531.383, 184.903, 442.406, 223.487
526.112, 186.501, 438.344, 225.186
109.601, 188.524, 117.541, 229.839
530.779, 189.471, 441.637, 228.391
54.6261, 191.098, 78.4425, 232.07
187.404, 191.012, 173.766, 231.465
102.983, 191.575, 112.669, 232.352
409.452, 192.421, 342.391, 231.839
147.298, 192.85, 144.681, 233.473
457.35, 192.983, 380.934, 231.926
487.034, 193.024, 405.52, 231.782
343.64, 194.245, 291.205, 233.929
71.6967, 194.359, 90.6288, 235.006
494.996, 195.087, 411.363, 233.687
161.886, 195.877, 155.268, 235.81
289.448, 196.33, 249.831, 236.361
333.311, 196.325, 283.131, 236.141
592.493, 197.538, 494.067, 235.962
134.571, 198.21, 135.371, 238.321
515.333, 198.605, 429.069, 237.246
419.368, 199.636, 350.41, 239.37
545.31, 199.486, 454.004, 238.12
883.444, 201.993, 761.013, 239.904
650.934, 203.74, 545.063, 242.108
340.278, 204.292, 288.345, 243.719
793.023, 204.493, 675.037, 242.05
731.124, 205.469, 616.918, 243.585
569.297, 205.979, 474.164, 244.287
510.269, 207.336, 424.869, 245.909
678.888, 207.608, 570.011, 246.04
836.274, 208.391, 716.325, 246.595
377.357, 210.558, 317.842, 249.627
454.38, 210.879, 379.361, 249.71
717.957, 212.488, 605.637, 250.941
231.989, 216.569, 206.749, 255.109
676.783, 216.188, 567.481, 251.566
553.327, 217.829, 461.541, 255.971
478.083, 218.829, 398.508, 257.165
325.407, 221.398, 277.522, 259.669
807.821, 223.815, 688.866, 263.105
273.5, 225.569, 237.957, 263.708
322.1, 226.219, 275.077, 264.418
846.999, 226.338, 726.562, 265.608
23.3934, 229.845, 58.3611, 267.29
575.882, 230.16, 480.93, 268.671
210.238, 231.816, 191.101, 269.337
590.523, 233.934, 494.228, 272.917
912.048, 235.16, 790.498, 275.149
608.592, 235.416, 508.904, 274.008
850.929, 235.515, 730.481, 275.213
769.029, 236.097, 652.817, 275.641
795.219, 236.358, 677.405, 275.698
152.181, 237.594, 148.633, 273.966
858.344, 237.836, 737.385, 278.144
667.359, 238.453, 560.764, 277.931
90.8213, 239.818, 105.049, 276.602
711.053, 240.138, 600.118, 279.558
220.772, 240.639, 199.282, 277.571
309.462, 240.194, 265.981, 277.636
772.213, 240.498, 655.698, 280.126
809.653, 240.275, 690.971, 280.143
471.035, 242.514, 393.262, 280.865
484.347, 242.643, 401.08, 280.796
206.182, 243.325, 192.556, 278.963
612.722, 243.894, 513.113, 282.555
371.243, 244.526, 313.92, 281.869
440.3, 244.444, 369.339, 282.444
523.935, 246.082, 437.283, 284.435
658.709, 246.684, 554.448, 285.521
394.751, 246.802, 332.955, 284.535
469.403, 247.046, 392.024, 285.747
243.34, 248.003, 216.402, 284.886
520.37, 249.419, 434.074, 287.663
862.996, 249.994, 741.98, 290.893
701.064, 251.151, 592.025, 291.415
813.759, 252.018, 694.813, 292.601
745.216, 252.94, 631.186, 292.917
166.171, 256.602, 159.633, 292.372
351.672, 258.368, 298.526, 295.15
438.004, 258.576, 366.789, 296.14
818.902, 260.128, 699.896, 301.361
92.9328, 260.328, 107.576, 295.407
451.341, 260.657, 377.613, 298.144
624.932, 260.883, 524.176, 300.015
669.129, 263.648, 562.511, 303.451
154.655, 264.079, 152.202, 299.077
902.719, 264.175, 781.595, 306.412
179.941, 265.534, 169.573, 300.463
309.351, 266.416, 266.789, 302.365
36.8598, 271.476, 68.4952, 304.667
637.493, 271.714, 535.152, 310.942
243.96, 272.054, 217.129, 307.276
546.863, 271.88, 456.911, 310.063
402.556, 274.901, 339.356, 311.192
466.488, 274.96, 390.633, 312.344
767.7, 277.422, 652.535, 318.993
348.298, 278.514, 296.251, 314.392
178.301, 280.936, 167.883, 315.772
331.953, 281.568, 284.004, 317.046
450.137, 281.503, 377.125, 318.393
374.494, 282.507, 317.086, 318.351
494.001, 283.088, 413.323, 320.427
906.877, 284.116, 785.823, 327.871
200.367, 287.999, 184.924, 321.682
294.978, 288.916, 255.395, 323.702
227.343, 290.994, 205.03, 324.826
251.476, 290.969, 223.019, 324.755
203.161, 291.86, 188.829, 325.495
908.847, 291.943, 789.172, 336.835
259.124, 292.383, 228.812, 326.352
86.4002, 295.243, 103.98, 326.706
320.431, 295.41, 275.348, 329.908
198.08, 300.675, 184.008, 333.247
314.587, 303.098, 271.334, 337.532
363.688, 304.963, 308.974, 339.456
875.041, 307.816, 754.472, 352.392
182.092, 308.472, 172.289, 340.151
298.819, 310.668, 259.164, 344.433
840.861, 313.555, 722.546, 358.114
573.704, 315.629, 480.639, 354.329
295.756, 317.009, 256.675, 350.377
565.041, 316.946, 473.85, 355.389
303.415, 318.435, 263.644, 350.801
403.418, 318.417, 340.891, 353.37
581.14, 319.263, 487.782, 357.689
221.913, 319.98, 201.577, 351.534
788.447, 321.497, 672.997, 364.929
546.369, 321.941, 456.918, 359.446
52.0189, 322.735, 80.9876, 351.278
450.1, 323.008, 378.613, 358.871
348.542, 323.57, 298.106, 357.294
472.211, 324.043, 395.942, 360.424
155.113, 324.906, 153.132, 355.144
883.464, 325.294, 764.327, 371.565
80.4913, 326.035, 100.71, 354.805
630.083, 326.381, 529.767, 366.357
662.085, 326.96, 557.929, 367.829
818.944, 334.511, 702.008, 379.482
92.376, 335.671, 108.289, 363.768
107.669, 335.31, 119.479, 363.91
350.351, 337.21, 299.651, 370.52
84.3911, 343.064, 102.862, 369.914
119.305, 343.941, 126.919, 371.473
478.2, 343.892, 401.844, 380.025
759.635, 346.402, 646.163, 389.72
52.467, 347.721, 81.1009, 373.723
687.918, 349.977, 580.571, 391.915
725.94, 349.99, 615.423, 393.343
777.94, 350.943, 663.762, 395.684
160.387, 351.598, 157.495, 379.955
575.704, 351.395, 483.367, 390.062
773.369, 351.656, 658.837, 396.509
834.608, 351.412, 717.352, 398.05
859.899, 351.99, 741.512, 399.447
386.875, 353.421, 328.356, 386.987
781.466, 353.817, 667.33, 398.689
297.152, 354.422, 258.827, 385.502
700.902, 355.092, 592.794, 397.455
503.613, 355.425, 423.033, 391.739
740.594, 355.203, 627.277, 397.952
236.426, 356.016, 213.404, 385.862
352.057, 356.427, 300.839, 388.41
653.001, 358.059, 550.134, 398.804
242.246, 358.386, 217.084, 388.35
330.036, 359.486, 283.988, 391.084
355.432, 359.925, 303.866, 392.08
306.436, 360.879, 266.191, 391.765
431.83, 361.415, 364.605, 395.868
769.455, 363.492, 655.441, 408.557
383.369, 366.54, 325.344, 399.598
451.514, 366.518, 380.713, 401.16
37.4713, 369.05, 70.8233, 392.638
279.657, 370.363, 246.114, 399.816
135.661, 370.214, 140.3, 394.816
363.967, 371.401, 307.309, 402.024
93.397, 371.881, 109.699, 396.405
494.746, 373.364, 415.887, 409.409
627.685, 373.528, 528.034, 413.595
182.6, 374.956, 174.674, 402.156
253.926, 376.622, 226.774, 405.645
115.166, 378.086, 125.854, 402.592
567.115, 378.27, 476.459, 416.543
474.839, 379.418, 399.549, 414.455
461.106, 380.058, 388.483, 414.73
287.045, 381.653, 251.805, 410.958
499.164, 382.812, 419.462, 418.881
821.888, 382.69, 704.848, 430.317
94.39, 383.497, 110.608, 407.143
186.189, 384.271, 177.544, 410.258
545.014, 384.655, 457.477, 422.028
750.529, 384.369, 638.5, 429.333
58.8159, 385.146, 85.9143, 407.651
392.811, 387.422, 333.39, 419.832
720.123, 388.067, 608.801, 432.603
817.164, 387.841, 700.77, 435.65
584.977, 388.926, 491.425, 427.945
274.239, 390.048, 242.206, 418.568
813.574, 390.359, 697.247, 438.169
389.761, 391.102, 331.586, 423.143
133.723, 391.673, 138.554, 415.825
551.959, 392.25, 463.404, 429.924
584.771, 395.838, 491.174, 434.636
465.099, 396.285, 391.525, 430.584
379.558, 398.253, 323.069, 429.319
702.312, 397.935, 594.737, 441.342
490.562, 398.46, 412.303, 433.961
169.541, 398.926, 164.802, 423.424
354.938, 398.856, 303.93, 429.403
386.999, 398.938, 329.297, 430.684
398.054, 399.01, 338.187, 431.051
172.354, 401.414, 167.513, 425.962
727.284, 401.529, 617.147, 446.419
231.46, 401.996, 211.179, 428.508
629.187, 402.316, 533.026, 445
272.077, 403.099, 237.795, 431.019
526.864, 403.171, 442.716, 439.941
752.957, 403.962, 640.935, 450.132
866.014, 403.858, 747.808, 454.794
93.5491, 404.387, 111.269, 426.044
420.689, 404.516, 356.549, 437.405
459.144, 405.47, 387.219, 439.443
670.429, 405.385, 565.878, 447.328
369.904, 406.123, 316.16, 436.803
376.134, 406.098, 321.48, 437.185
486.279, 406.489, 409.355, 441.32
587.09, 406.408, 493.581, 445.227
381.352, 408.818, 325.413, 439.814
575.485, 409.285, 483.412, 447.508
666.654, 410.103, 562.562, 452.407
886.47, 411.114, 767.13, 463.128
611.535, 412.311, 515.218, 452.252
726.472, 413.261, 616.968, 458.274
377.418, 414.449, 322.04, 445.587
209.492, 415.16, 195.095, 440.476
77.7286, 415.289, 100.226, 435.596
206.156, 416.986, 191.97, 441.185
781.465, 417.344, 667.498, 464.904
663.207, 418.452, 560.365, 460.59
545.855, 419.99, 458.949, 456.769
195.481, 420.727, 184.136, 443.983
637.37, 420.7, 537.495, 461.815
342.082, 421.17, 294.484, 450.187
75.1692, 423.326, 98.6492, 442.534
392.667, 422.745, 334.611, 453.806
700.532, 423.056, 593.917, 466.916
547.161, 424.891, 459.945, 462.067
893.385, 427.049, 774.901, 480.538
533.397, 427.723, 447.661, 464.411
630.002, 427.657, 531.395, 468.899
99.1648, 427.935, 116.103, 447.704
304.517, 428.605, 266.423, 455.93
704.463, 431.461, 598.041, 476.057
153.415, 432.968, 154.935, 454.447
630.947, 432.917, 532.108, 473.943
297.457, 434.037, 260.824, 460.452
402.333, 435.22, 342.711, 466.114
531.548, 434.927, 447.781, 471.333
245.002, 435.405, 221.607, 459.921
201.337, 435.946, 189.061, 458.644
851.064, 436.622, 733.725, 488.726
118.419, 437.855, 129.187, 457.293
189.517, 438.61, 180.504, 460.604
581.11, 438.525, 489.429, 477.201
538.643, 441.716, 454.165, 479.016
562.501, 441.592, 473.827, 479.729
353.57, 441.898, 303.975, 470.608
724.767, 443.05, 616.237, 488.957
420.116, 444.134, 356.428, 475.51
877.996, 445.026, 759.902, 498.775
377.204, 446.487, 322.5, 475.589
137.908, 446.783, 143.862, 466.174
250.189, 447.537, 225.746, 471.318
636.691, 447.532, 538.215, 488.892
205.843, 448.879, 192.766, 471.095
773.011, 450.244, 660.414, 498.913
232.107, 450.49, 212.267, 473.633
903.327, 450.686, 785.039, 506.395
870.414, 451.12, 752.634, 505.079
565.427, 451.429, 476.207, 489.445
865.481, 452.029, 747.495, 506.004
253.133, 455.726, 227.828, 479.138
557.928, 456.154, 470.006, 493.644
597.904, 456.155, 504.121, 495.499
507.771, 457.52, 428.224, 492.361
565.559, 457.691, 476.267, 495.43
282.316, 459.257, 250.032, 483.166
377.568, 459.828, 323.283, 488.734
555.404, 461.131, 468.304, 498.579
433.315, 462.723, 367.184, 493.715
815.583, 462.846, 700.409, 514.406
382.731, 464.517, 327.257, 493.509
615.104, 467.562, 519.507, 508.182
803.941, 467.298, 689.628, 518.416
196.197, 468.476, 185.835, 488.683
313.838, 469.431, 274.042, 494.512
654.13, 471.696, 554.371, 514.275
612.846, 472.074, 517.554, 512.484
740.172, 473.543, 630.978, 520.925
559.733, 473.722, 472.043, 510.564
831.479, 474.053, 716.127, 526.907
898.126, 475.079, 779.927, 532.201
273.12, 475.335, 242.687, 498.526
488.457, 477.074, 412.566, 510.944
249.004, 477.582, 225.463, 499.629
380.576, 479.839, 325.678, 507.927
280.74, 481.857, 248.86, 504.634
354.451, 481.918, 305.528, 508.544
715.289, 482.165, 608.652, 528.687
42.0939, 484.331, 76.3911, 496.729
153.159, 485.484, 153.845, 502.827
662.051, 485.777, 561.019, 529.019
779.293, 486.602, 667.23, 536.774
834.507, 486.886, 718.848, 540.071
622.732, 487.073, 526.676, 528.159
703.692, 489.793, 598.358, 536.015
230.282, 490.949, 211.42, 511.082
510.313, 492.322, 430.518, 526.763
435.692, 492.893, 369.883, 523.252
663.936, 492.921, 563.438, 536.299
270.144, 493.327, 241.012, 515.102
606.333, 494.773, 512.552, 534.763
160.038, 495.96, 160.128, 512.354
376.61, 496.576, 323.172, 523.488
729.434, 496.737, 621.742, 544.067
141.602, 498.214, 147.243, 513.628
175.56, 498.416, 172.117, 515.512
805.707, 498.594, 691.168, 550.513
714.901, 498.926, 606.971, 545.882
860.448, 500.14, 743.979, 556.159
502.521, 501.416, 424.791, 535.554
705.027, 501.594, 599.749, 547.995
215.721, 502.662, 201.507, 521.569
623.845, 504.136, 527.594, 545.042
864.527, 507.165, 748.429, 563.876
317.406, 507.998, 277.16, 530.844
442.995, 508.701, 377.264, 538.3
757.414, 508.262, 647.618, 557.944
134.897, 508.787, 142.808, 522.884
859.915, 510.656, 742.989, 567.443
108.631, 511.699, 124.01, 524.584
649.617, 514.431, 549.971, 557.537
676.858, 516.697, 574.307, 561.077
860.718, 516.938, 744.562, 574.087
42.3138, 517.317, 77.4911, 525.951
691.316, 518.129, 587.175, 563.572
647.588, 518.51, 548.006, 561.084
682.91, 518.545, 579.976, 563.525
105.873, 522.948, 122.416, 534.519
65.9015, 525.218, 94.807, 534.565
669.1, 526.185, 567.961, 570.268
722.855, 526.388, 615.987, 574.404
790.3, 527.909, 678.452, 580.625
826.794, 528.721, 712.469, 583.971
838.146, 528.406, 725.882, 583.595
127.362, 528.933, 137.719, 540.689
649.68, 529.469, 550.833, 572.451
729.043, 529.673, 621.506, 578.222
737.194, 529.768, 629.663, 578.806
330.863, 533.334, 288.78, 556.45
701.06, 533.555, 596.527, 580.089
820.836, 533.681, 708.718, 589.158
351.152, 534.44, 304.204, 558.229
354.614, 537.64, 306.84, 561.804
370.153, 537.48, 319.564, 562.631
345.249, 540.048, 299.643, 563.437
480.077, 544.176, 407.594, 575.649
842.372, 545.664, 728.181, 602.907
692.14, 546.301, 588.987, 592.331
700.389, 546.613, 595.983, 593.238
72.3066, 547.27, 99.879, 554.568
659.651, 548.26, 559.641, 592.084
748.837, 551.153, 640.068, 601.8
754.944, 555.53, 645.799, 606.381
766.473, 557.044, 656.669, 608.846
186.593, 557.494, 181.459, 569.904
353.753, 559.977, 307.447, 582.681
813.407, 560.696, 701.474, 616.347
422.411, 563.014, 360.882, 590.285
832.063, 562.76, 715.754, 622.448
408.28, 563.255, 349.509, 589.497
651.685, 565.338, 553.545, 608.759
132.82, 566.841, 142.353, 575.599
423.736, 567.07, 358.298, 595.396
681.695, 568.528, 580.659, 614.56
319.321, 569.861, 280.882, 589.824
788.839, 572.724, 677.562, 627.062
672.102, 573.052, 571.634, 618.023
526.753, 574.423, 445.757, 608.06
214.967, 574.952, 202.936, 588.177
655.2, 576.472, 557.332, 619.91
688.867, 578.359, 586.952, 624.967
131.121, 579.044, 141.599, 586.716
207.984, 579.672, 197.582, 591.909
403.319, 580.064, 346.893, 605.118
34.7617, 586.876, 74.9455, 588.078
254.892, 586.692, 232.751, 601.501
49.616, 587.591, 85.5317, 589.643
314.817, 587.256, 278.524, 606.023
775.879, 589.522, 666.396, 643.479
646.589, 589.849, 549.084, 632.923
56.3798, 592.038, 89.1212, 593.92
79.3663, 591.831, 104.39, 594.794
652.401, 592.495, 555.077, 636.646
484.11, 592.844, 411.783, 623.303
811.673, 593.639, 699.229, 650.627
328.98, 594.037, 290.039, 614.274
790.075, 596.513, 680.043, 651.051
835.095, 597.312, 722.629, 655.932
368.908, 596.848, 320.327, 618.857
513.18, 597.948, 436.288, 630.601
601.61, 601.115, 511.136, 640.647
593.578, 604.102, 504.009, 642.995
504.828, 605.041, 429.419, 636.897
615.937, 605.435, 523.822, 646.284
193.934, 608.724, 187.969, 617.814
664.226, 609.7, 565.73, 654.28
125.968, 609.842, 138.808, 614.229
553.503, 610.308, 469.763, 645.683
622.725, 610.955, 529.288, 652.173
44.7422, 613.248, 81.8679, 612.6
570.115, 613.31, 484.005, 650.337
321.026, 614.47, 283.589, 631.967
53.6549, 614.78, 89.9954, 614.57
420.646, 619.063, 361.618, 643.837
65.2685, 619.536, 95.9241, 619.046
267.247, 619.285, 242.314, 632.683
112.177, 620.325, 129.309, 622.914
435.119, 620.362, 373.055, 646.205
346.37, 621.082, 302.497, 640.328
530.546, 622.31, 450.636, 655.618
218.493, 623.654, 206.094, 633.246
319.593, 625.575, 282.648, 642.689
108.417, 626.048, 126.453, 628.094
329.653, 635.253, 291.702, 652.19
343.087, 635.702, 299.922, 653.672
302.956, 638.647, 269.829, 653.183
101.984, 640.262, 122.497, 640.334
168.322, 652.058, 170.14, 656.117
321.863, 23.2068, 271.019, 70.6762
740.962, 23.4834, 623.013, 54.1573
596.996, 26.8211, 494.708, 63.5697
846.86, 28.4885, 722.949, 54.5395
332.576, 29.3679, 280.045, 76.2634
729.892, 29.9206, 613.734, 61.1597
838.893, 29.8647, 715.923, 56.1343
124.379, 30.8453, 125.998, 84.0954
706.459, 31.1529, 592.52, 63.0932
341.84, 31.176, 286.49, 76.9459
77.4452, 33.6413, 95.9603, 87.0685
392.172, 34.4494, 326.367, 79.2947
127.856, 35.5444, 128.479, 88.8235
614.271, 35.42, 508.43, 71.4118
135.827, 39.4057, 133.223, 92.237
89.2036, 41.6002, 100.328, 95.4757
353.205, 42.4455, 296.079, 87.8447
400.489, 41.9221, 332.635, 85.8196
866.461, 46.9055, 742.003, 72.8509
129.857, 47.6936, 129.202, 100.041
268.287, 50.9486, 230.944, 99.1615
206.392, 52.1517, 184.881, 101.888
446.949, 52.0391, 370.786, 94.9767
260.498, 52.892, 225.634, 100.781
217.128, 56.3987, 192.895, 105.292
904.437, 56.3716, 779.549, 81.8216
807.83, 58.9928, 685.798, 88.6534
620.559, 60.176, 516.416, 96.6598
96.3616, 61.3547, 105.337, 113.193
34.5059, 64.9825, 62.2971, 118.225
387.657, 66.9706, 323.249, 110.692
814.583, 68.2917, 693.008, 97.9667
468.11, 69.1242, 388.097, 109.998
151.8, 72.2478, 145.366, 121.725
847.567, 72.3611, 724.502, 101.879
435.804, 76.4145, 361.608, 118.12
612.593, 77.7304, 509.768, 114.83
894.377, 78.1007, 770.162, 105.938
173.04, 78.9206, 161.046, 127.908
472.029, 81.0822, 391.139, 121.573
119.056, 83.5443, 122.513, 133.254
82.6427, 84.6283, 96.5003, 135.318
526.349, 85.643, 436.428, 124.5
242.451, 87.5968, 211.722, 134.329
915.331, 88.7417, 790.327, 116.984
727.971, 89.8569, 613.198, 123.738
435.025, 91.1613, 361.449, 133.114
719.448, 91.4243, 604.803, 125.44
598.189, 93.815, 497.668, 131.164
699.391, 96.1275, 586.84, 130.647
451.364, 96.4989, 374.357, 137.769
611.217, 98.8604, 508.759, 136.267
616.748, 99.1179, 513.767, 136.041
512.731, 99.4949, 424.772, 139.457
333.509, 101.565, 281.473, 145.21
497.398, 102.184, 412.291, 142.29
61.1989, 104.902, 81.6315, 153.806
307.338, 106.608, 261.492, 150.465
599.386, 109.85, 498.63, 147.553
400.703, 112.022, 334.277, 154.001
436.056, 112.073, 362.548, 153.144
135.022, 112.306, 133.653, 159.223
419.365, 113.095, 348.978, 154.769
799.209, 114.714, 679.08, 147.678
794.146, 115.213, 674.707, 148.326
547.284, 115.818, 454.239, 154.461
762.191, 115.502, 644.325, 149.246
158.831, 115.886, 150.352, 162.805
462.614, 115.933, 384.238, 156.307
37.7506, 118.134, 66.9357, 165.963
101.292, 122.333, 110.36, 169.204
591.001, 122.523, 491.308, 160.432
506.09, 123.588, 419.944, 163.39
652.8, 125.376, 545.635, 162.188
387.631, 126.363, 324.438, 168.185
223.929, 127.068, 199.097, 171.385
315.159, 127.464, 267.879, 170.415
681.313, 127.936, 571.234, 163.912
797.65, 128.976, 677.674, 162.65
658.3, 131.291, 550.407, 168.688
392.737, 131.43, 328.327, 172.639
474.06, 131.663, 393.625, 171.527
275.149, 131.908, 237.476, 176.13
635.523, 132.014, 529.716, 169.147
160.366, 134.453, 152.62, 179.366
227.556, 134.88, 202.07, 178.914
311.993, 134.794, 265.276, 177.278
171.715, 136.859, 160.981, 181.514
322.805, 138.297, 273.807, 180.685
189.12, 139.234, 173.84, 183.233
76.9245, 140.366, 93.177, 186.023
569.187, 142.125, 473.826, 180.459
937.228, 141.847, 813.716, 173.916
215.102, 143.067, 192.649, 186.08
726.696, 143.338, 612.863, 179.403
773.907, 143.356, 655.581, 178.303
156.13, 144.428, 149.837, 188.587
293.239, 144.532, 250.95, 186.828
894.129, 144.692, 770.404, 177.593
70.7442, 145.06, 89.1109, 190.313
748.583, 147.929, 632.056, 183.782
673.674, 149.049, 564.553, 186.24
696.109, 150.42, 584.229, 187.04
862.648, 151.794, 739.726, 186.017
577.199, 152.573, 480.479, 190.845
703.929, 155.43, 591.506, 192.108
574.507, 158.197, 477.956, 196.422
372.102, 158.406, 312.236, 199.344
627.483, 162.022, 523.361, 199.355
589.414, 162.898, 490.983, 201.286
204.826, 165.063, 185.837, 207.121
164.454, 166.802, 156.863, 209.034
421.331, 167.016, 351.567, 206.97
433.421, 168.981, 361.462, 208.816
499.094, 170.776, 414.14, 209.111
415.139, 170.672, 346.582, 211.055
593.537, 170.901, 494.622, 208.975
337.973, 171.796, 286.436, 212.087
804.822, 171.406, 684.901, 207.35
925.836, 175.07, 802.589, 210.492
792.079, 175.726, 673.086, 212.096
777.32, 175.924, 659.27, 212.355
739.814, 177.69, 624.22, 214.739
626.724, 177.824, 522.743, 215.945
254.626, 180.078, 226.023, 223.527
556.333, 182.839, 462.845, 221.603
465.28, 183.277, 389.884, 225.455
553.795, 187.095, 460.797, 225.841
745.992, 187.221, 630.688, 224.589
35.3483, 190.525, 65.417, 231.601
517.797, 190.683, 431.073, 229.074
217.923, 194.057, 195.826, 234.434
197.608, 196.213, 180.882, 235.4
740.408, 196.575, 625.414, 234.117
792.014, 197.022, 673.736, 234.722
800.833, 199.092, 682.008, 236.838
632.17, 203.435, 528.71, 241.813
375.268, 204.976, 315.646, 243.84
755.651, 207.784, 640.092, 245.815
358.709, 208.675, 302.892, 247.576
476.598, 211.846, 397.619, 250.674
590.382, 212.224, 492.705, 250.867
662.452, 212.845, 555.72, 251.505
525.739, 216.781, 438.195, 255.707
442.671, 218.714, 370.008, 257.653
532.047, 221.81, 443.586, 260.415
278.267, 222.712, 241.471, 260.888
868.412, 228.369, 747.385, 267.597
266.633, 229.016, 232.619, 267.091
292.537, 232.154, 252.435, 269.988
255.507, 232.922, 224.733, 270.828
337.263, 233.632, 287.275, 271.345
480.159, 235.047, 400.583, 273.899
691.694, 235.596, 582.575, 274.656
70.2766, 236.402, 90.6755, 273.802
490.522, 236.543, 408.978, 274.837
162.328, 240.922, 155.381, 277.558
355.657, 240.9, 301.297, 278.368
822.844, 242.796, 703.494, 282.882
47.6003, 244.335, 75.6479, 280.752
606.595, 247.145, 507.206, 285.812
800.633, 248.564, 682.218, 288.582
189.906, 249.017, 176.314, 284.981
543.191, 249.65, 453.013, 287.389
368.219, 250.21, 311.486, 286.545
938.341, 253.707, 816.654, 295.361
488.76, 254.841, 407.975, 292.72
119.994, 255.398, 126.208, 290.984
659.131, 255.934, 552.939, 293.975
257.361, 258.047, 226.64, 294.068
826.722, 258.067, 707.419, 298.887
655.192, 258.357, 550.064, 297.468
841.124, 258.798, 721.604, 299.81
565.189, 260.01, 472.4, 298.595
507.88, 260.385, 423.604, 298.31
386.658, 261.736, 326.391, 298.66
856.938, 265.354, 736.558, 306.959
898.419, 265.651, 776.935, 307.888
433.583, 266.212, 361.126, 303.77
327.525, 266.415, 280.791, 302.816
411.853, 266.389, 346.548, 303.352
147.51, 266.925, 144.361, 299.067
419.174, 267.155, 352.102, 303.98
442.58, 266.919, 370.477, 304.397
906.13, 267.048, 784.842, 309.492
613.577, 270.023, 513.975, 309.013
740.204, 271.018, 627.068, 311.462
707.768, 271.899, 597.9, 311.916
190.053, 279.025, 177.469, 313.535
23.0427, 279.489, 59.1339, 311.745
149.636, 281.792, 147.623, 315.06
484.184, 282.144, 405.096, 319.012
133.909, 287.939, 136.445, 321.32
181.675, 289.073, 171.487, 322.477
372.924, 290.089, 315.517, 325.677
420.488, 289.967, 353.735, 326.321
341.364, 292.384, 292.119, 327.78
636.355, 292.465, 534.943, 332.017
52.9996, 294.088, 80.4958, 325.233
619.496, 296.706, 520.366, 336.051
835.868, 296.692, 717.34, 339.922
911.999, 298.367, 790.946, 343.141
399.956, 299.575, 337.924, 335.715
204.057, 302.336, 188.335, 334.626
791.592, 305.99, 675.738, 348.96
132.888, 306.929, 136.786, 337.327
396.513, 309.612, 335.149, 346.344
480.228, 310.015, 402.803, 346.779
880.155, 310.358, 759.65, 355.449
650.44, 312.68, 547.423, 352.663
528.898, 313.189, 442.911, 350.537
720.732, 313.537, 610.1, 355.788
741.595, 313.859, 629.04, 356.064
244.52, 314.562, 218.131, 346.611
382.362, 315.035, 323.778, 349.823
407.24, 315.037, 343.705, 350.689
59.9864, 316.177, 86.1292, 345.503
136.537, 316.616, 139.778, 347.539
622.112, 322.779, 525.952, 361.465
823.704, 323.124, 706.638, 367.665
379.661, 323.701, 321.754, 358.127
699.243, 323.332, 590.659, 364.802
873.334, 323.364, 753.761, 369.252
808.842, 325.668, 692.258, 370.15
206.336, 326.586, 190.343, 357.305
468.335, 326.98, 393.094, 363.324
475.312, 327.014, 402.301, 364.134
329.743, 327.773, 283.954, 361.294
260.337, 327.839, 230.832, 359.699
275.147, 328.12, 241.61, 360.085
606.697, 329.284, 509.297, 368.734
629.968, 332.886, 529.585, 372.293
588.146, 334.022, 493.142, 373.106
145.53, 337.119, 146.353, 366.373
217.219, 337.59, 198.78, 367.748
629.197, 342.048, 528.926, 382.18
220.395, 343.093, 200.941, 373.134
147.431, 344.315, 148.029, 372.686
207.425, 347.587, 191.636, 376.856
546.942, 350.226, 458.381, 388.058
568.473, 350.534, 476.982, 389.117
917.013, 350.564, 797.849, 399.204
741.825, 351.087, 630.154, 394.702
851.658, 352.171, 734.046, 399.272
330.848, 355.134, 284.641, 386.995
776.177, 355.2, 662.023, 399.999
661.848, 356.22, 558.034, 397.319
823.247, 359.979, 705.892, 406.591
286.874, 361.175, 251.477, 391.789
534.965, 361.814, 448.762, 399.196
483.233, 363.8, 406.396, 399.429
283.356, 364.508, 248.718, 394.665
189.842, 367.106, 179.137, 394.464
651.415, 367.592, 548.976, 408.645
102.353, 367.773, 116.058, 392.918
476.502, 369.003, 400.977, 404.312
481.151, 372.146, 404.716, 407.814
194.612, 375.533, 182.988, 402.51
355.048, 376.138, 303.826, 407.803
423.889, 376.353, 358.819, 409.97
146.477, 380.535, 148.033, 406.006
700.999, 380.752, 593.311, 423.671
897.112, 381.154, 778.397, 431.639
236.921, 382.232, 214.289, 409.863
363.976, 382.397, 311.087, 413.705
477.975, 383.189, 402.478, 418.514
425.414, 385.821, 359.508, 419.189
805.109, 385.354, 689.365, 432.76
605.665, 386.621, 511.619, 425.999
862.764, 391.35, 744.255, 441.232
532.687, 392.114, 447.322, 429.16
630.573, 392.656, 530.738, 433.351
543.063, 393.612, 455.994, 430.877
126.781, 395.808, 134.589, 419.376
237.199, 399.104, 214.676, 425.885
246.592, 399.127, 221.685, 426.236
262.254, 400.25, 233.803, 427.812
367.326, 401.842, 314.207, 432.776
875.128, 402.459, 756.336, 453.455
248.42, 403.165, 223.397, 429.978
152.752, 403.669, 152.872, 427.603
508.082, 404.512, 426.935, 440.405
767.504, 407.572, 654.428, 454.154
315.473, 407.913, 274.596, 436.38
613.995, 408.628, 517.032, 448.56
561.944, 408.938, 471.974, 446.755
328.64, 416.275, 284.135, 444.84
64.1853, 418.874, 91.2803, 438.384
609.479, 419.138, 513.416, 458.918
245.594, 419.581, 222.201, 445.22
747.94, 419.586, 636.96, 465.863
482.935, 420.595, 406.893, 455.218
256.175, 420.882, 229.193, 446.847
210.522, 422.662, 195.695, 446.892
577.924, 424.943, 485.614, 463.769
703.61, 427.64, 596.701, 471.672
287.033, 428.006, 252.554, 454.271
52.0843, 428.397, 82.8299, 446.45
321.879, 428.567, 279.312, 456.44
358.686, 428.438, 307.841, 457.717
58.4818, 432.308, 86.9008, 449.879
469.939, 434.881, 396.98, 468.353
488.718, 434.984, 412.174, 469.524
386.16, 436.113, 329.804, 465.912
838.8, 436.899, 721.872, 488.333
325.139, 437.906, 281.991, 465.36
574.579, 438.93, 484.179, 477.609
162.496, 441.389, 160.781, 462.202
65.1446, 443.057, 92.0061, 460.087
113.66, 443.299, 125.445, 462.535
681.947, 444.081, 577.527, 487.582
181.349, 445.019, 177.539, 466.152
30.0766, 447.012, 67.678, 462.398
305.892, 449.826, 267.487, 475.888
898.934, 450.132, 780.121, 505.51
381.047, 450.966, 325.633, 480.363
539.058, 451.986, 454.11, 488.442
201.588, 452.753, 189.574, 474.223
483.235, 452.467, 407.29, 486.204
841.079, 453.516, 724.326, 505.827
236.459, 455.639, 215.857, 478.525
500.928, 457.125, 422.753, 491.66
323.282, 457.942, 281.4, 484.454
53.5922, 461.531, 83.958, 476.54
639.685, 462.102, 540.634, 503.964
294.927, 462.502, 259.163, 487.363
762.046, 462.646, 650.119, 511.109
615.986, 463.59, 520.115, 504.179
627.959, 463.311, 530.807, 504.412
258.97, 463.901, 231.657, 486.966
468.307, 464.788, 396.084, 497.642
224.047, 466.62, 206.211, 488.218
697.156, 466.264, 591.452, 511.122
397.539, 467.898, 339.173, 497.328
233.36, 468.572, 213.367, 490.316
392.271, 468.871, 334.939, 497.874
760.944, 470.417, 650.016, 518.852
143.895, 471.768, 148.406, 489.244
162.324, 471.372, 161.807, 489.551
508.696, 473.161, 428.779, 508.055
207.626, 473.369, 194.906, 493.903
317.08, 473.5, 276.726, 498.632
355.734, 474.044, 308.19, 501.792
770.292, 473.75, 658.897, 522.996
857.6, 473.83, 740.726, 528.638
784.329, 475.467, 671.474, 525.561
58.0004, 479.486, 87.9683, 492.887
837.509, 479.294, 721.833, 532.905
792.158, 481.961, 678.918, 532.678
108.066, 483.171, 122.768, 498.05
246.735, 488.24, 223.598, 509.221
522.697, 488.566, 440.571, 523.805
611.446, 488.737, 514.866, 530.197
262.56, 489.061, 235.704, 511.061
558.135, 489.032, 471.027, 526.468
616.208, 489.279, 521.025, 530.119
799.02, 489.955, 685.536, 541.606
602.346, 491.302, 508.806, 530.862
106.012, 491.454, 121.348, 505.675
728.052, 492.67, 619.578, 539.871
775.584, 492.912, 663.465, 543.264
370.838, 493.675, 317.832, 520.299
800.714, 495.062, 686.989, 546.685
753.172, 496.141, 643.314, 545.221
779.415, 497.169, 667.183, 547.96
297.261, 497.656, 261.723, 520.545
135.735, 498.156, 142.699, 513.115
188.369, 498.91, 181.308, 516.42
26.5555, 501.097, 66.689, 510.665
196.022, 501.216, 186.709, 519.34
441.705, 502.581, 374.906, 532.932
342.494, 504.621, 296.819, 529.447
774.673, 506.612, 663.541, 557.424
870.707, 510.239, 754.256, 567.582
532.694, 510.716, 449.706, 546.123
273.825, 511.673, 244.758, 532.583
558.342, 512.787, 472.179, 549.216
70.3355, 514.36, 97.497, 525.159
323.575, 515.256, 282.866, 538.635
128.129, 515.992, 138.155, 528.851
136.561, 515.796, 144.331, 529.233
556.173, 517.148, 469.039, 553.619
235.384, 517.144, 215.776, 535.786
162.079, 518.524, 162.698, 533.354
552.615, 520.474, 466.323, 557.083
644.549, 521.495, 545.781, 564.401
239.666, 522.758, 220.397, 539.853
433.65, 522.652, 368.9, 551.728
112.353, 525.167, 127.097, 536.916
778.796, 525.656, 667.462, 577.31
808.601, 528.526, 695.631, 582.536
188.342, 532.916, 181.933, 547.661
774.179, 534.5, 663.108, 586.087
419.023, 535.474, 356.429, 563.09
533.145, 537.654, 451.039, 572.956
571.976, 538.79, 483.667, 576.688
393.946, 539.443, 337.838, 565.797
450.178, 541.664, 383.339, 571.226
589.521, 543.34, 501.984, 581.312
811.967, 543.218, 699.001, 598.209
816.283, 545.142, 703.3, 600.185
243.192, 551.415, 223.104, 568.032
729.13, 551.738, 621.976, 600.794
815.972, 555.789, 703.159, 611.009
877.938, 560.967, 762.506, 621.979
50.8125, 561.726, 84.9865, 566.584
385.497, 561.964, 333.366, 586.427
339.544, 562.892, 296.438, 584.765
702.941, 564.724, 599.038, 611.792
198.163, 565.439, 189.883, 578.566
489.846, 567.583, 416.604, 599.159
503.982, 567.483, 427.463, 599.983
524.089, 569.574, 444.622, 603.582
456.61, 569.824, 389.185, 598.735
57.7005, 571.364, 90.1291, 574.95
152.776, 572.632, 157.38, 582.141
504.349, 572.361, 427.853, 604.776
322.196, 576.236, 282.974, 596.385
754.203, 576.907, 645.768, 628.031
675.72, 577.909, 574.858, 623.335
713.968, 578.315, 609.205, 626.701
750.32, 586.648, 642.766, 638.371
699.852, 587.134, 597.307, 634.359
102.089, 587.952, 121.191, 592.767
359.153, 587.776, 312.8, 609.759
870.43, 588.183, 756.809, 650.248
665.286, 588.809, 565.961, 632.873
276.467, 589.517, 249.389, 605.312
218.906, 600.646, 206.302, 612.037
144.025, 603.18, 151.44, 609.705
351.833, 606.021, 307.009, 626.391
633.393, 607.36, 539.359, 649.458
116.864, 608.952, 132.26, 612.884
686.614, 610.05, 585.256, 656.612
488.447, 610.578, 416.537, 640.857
137.065, 611.392, 147.439, 617.454
509.286, 612.566, 433.097, 644.18
365.79, 612.299, 317.928, 633.285
358.945, 614.341, 312.886, 634.987
450.801, 618.331, 385.544, 645.537
324.461, 619.024, 286.389, 636.68
458.35, 619.253, 392.315, 646.988
169.309, 624.514, 170.542, 630.76
459.34, 626.816, 391.948, 654.556
310.783, 630.465, 275.543, 646.127
42.0843, 636.529, 80.2306, 632.86
121.513, 643.646, 136.389, 644.799
177.474, 647.409, 177.317, 652.43
197.125, 649.719, 191.295, 655.799
73.4566, 658.918, 102.587, 655.329
734.094, 23.3925, 617.295, 54.2766
565.968, 27.3376, 468.65, 65.74
212.376, 30.8506, 188.884, 81.8732
320.883, 34.4548, 270.114, 81.7943
56.1862, 35.3717, 76.9779, 91.092
109.248, 35.9969, 114.646, 89.7841
119.228, 36.5275, 121.874, 89.9351
171.038, 37.1181, 158.98, 88.9531
102.936, 39.8494, 109.972, 93.2484
528.517, 41.1651, 436.592, 80.9145
196.265, 42.0131, 177.584, 92.5058
860.815, 44.0248, 736.125, 70.2321
305.749, 44.7165, 259.363, 91.8885
386.01, 49.7025, 321.705, 94.0851
191.036, 51.9158, 173.525, 102.3
307.78, 52.8873, 261.339, 99.5067
195.749, 55.9328, 174.818, 106.401
947.358, 59.1351, 823.164, 82.9741
182.941, 60.8474, 167.644, 110.757
694.98, 61.6853, 581.353, 95.1059
223.69, 64.0687, 198.041, 112.318
325.012, 65.1637, 274.418, 110.797
647.543, 70.0985, 540.094, 105.672
616.462, 71.1745, 513.057, 107.892
425.229, 73.4161, 354.128, 115.813
637.892, 73.2982, 531.493, 109.453
754.464, 74.2874, 637.044, 107.657
568.282, 83.8697, 472.039, 122.406
454.466, 86.0351, 376.906, 127.213
484.261, 87.2002, 401.633, 127.577
541.127, 89.7881, 447.895, 128.65
675.457, 92.1387, 565.786, 127.565
763.822, 91.9176, 645.56, 124.545
857.903, 100.566, 735.214, 130.957
832.667, 101.854, 710.376, 133.283
828.011, 110.922, 706.271, 143.035
854.807, 111.025, 728.968, 142.559
156.178, 111.276, 149.069, 159.751
670.065, 113.608, 561.114, 149.785
601.989, 116.663, 501.174, 154.441
610.252, 117.228, 508.311, 154.819
62.0342, 122.626, 82.5196, 169.149
845.838, 124.128, 723.671, 157.556
639.193, 128.789, 533.328, 165.775
692.983, 128.786, 581.716, 165.076
521.242, 129.841, 433.13, 169.236
403.519, 130.716, 337.159, 171.907
597.721, 134.824, 498.044, 172.945
139.012, 137.259, 137.668, 182.576
199.354, 138.176, 181.823, 181.921
148.757, 138.602, 144.927, 183.177
479.778, 138.716, 399.161, 178.566
103.173, 140.837, 112.033, 186.034
847.038, 144.936, 725.579, 178.971
25.3832, 147.311, 60.3341, 192.566
706.275, 149.968, 595.614, 186.397
873.208, 152.083, 750.018, 186.092
529.673, 153.778, 440.749, 193.18
692.195, 154.734, 580.666, 191.522
503.306, 157.199, 418.175, 196.369
180.645, 161.072, 168.458, 203.731
322.758, 162.997, 273.81, 204.05
632.518, 162.93, 527.993, 200.766
139.117, 166.215, 138.355, 208.792
886.999, 166.341, 763.644, 201.231
285.713, 175.007, 245.967, 215.882
643.405, 177.814, 537.528, 215.873
60.125, 178.541, 82.004, 220.82
735.532, 180.523, 620.523, 217.815
888.377, 186.793, 766.003, 223.168
893.4, 190.019, 771.167, 226.909
666.383, 193.571, 558.681, 231.727
938.404, 194.696, 815.838, 230.915
872.801, 197.952, 750.82, 235.527
811.295, 201.541, 691.836, 239.333
233.625, 204.364, 207.774, 243.634
848.094, 205.734, 727.843, 244.016
710.958, 209.367, 598.689, 247.803
145.518, 211.371, 144.582, 250.796
50.7155, 212.692, 76.5758, 251.846
410.39, 215.339, 343.97, 254.115
317.401, 217.233, 271.071, 255.74
788.652, 219.611, 668.914, 256.674
283.778, 225.427, 246.1, 263.261
895.637, 224.691, 774.126, 263.828
114.71, 226.553, 121.984, 265.015
896.085, 231.103, 773.847, 270.718
513.552, 231.909, 428.188, 270.297
542.034, 236.665, 451.904, 275.108
262.949, 240.143, 230.168, 277.197
445.022, 239.63, 371.867, 277.646
896.455, 241.377, 775.146, 282.037
793.615, 244.015, 676.108, 284.774
673.12, 247.05, 563.483, 285.078
41.2204, 248.346, 71.0507, 284.125
554.557, 253.475, 462.182, 291.658
326.978, 259.393, 279.725, 295.199
553.755, 259.329, 462.542, 297.929
618.082, 258.983, 518.037, 298.369
299.826, 260.648, 258.986, 296.967
429.809, 262.065, 360.46, 299.633
172.764, 264.55, 163.973, 299.358
622.801, 265.153, 522.353, 304.166
117.008, 267.216, 123.586, 301.816
824.021, 268.487, 705.553, 310.062
308.231, 270.829, 265.577, 306.43
98.9737, 272.016, 111.926, 305.341
280.25, 279.433, 244.364, 314.83
75.8769, 279.521, 96.02, 312.706
403.502, 286.3, 343.948, 323.135
391.013, 287.2, 329.889, 323.312
594.42, 288.713, 497.892, 327.396
617.273, 292.076, 517.961, 331.504
432.976, 293.045, 364.197, 329.73
376.021, 294.366, 317.828, 329.863
637.209, 297.121, 535.427, 336.737
96.795, 301.227, 111.583, 332.802
537.649, 304.222, 450.222, 342.176
350.881, 305.822, 298.981, 340.451
84.4574, 306.777, 102.442, 337.104
175.725, 309.997, 167.988, 341.611
114.305, 311.419, 123.438, 342.016
124.255, 311.798, 131.117, 343.044
831.535, 311.594, 713.131, 355.533
82.568, 312.857, 101.091, 342.892
96.2313, 313.985, 111.456, 344.454
442.237, 313.909, 371.637, 350.072
238.376, 315.359, 213.881, 347.546
845.495, 316.957, 727.071, 361.885
84.2334, 318.601, 102.657, 348.003
261.824, 318.843, 232.074, 350.783
632.514, 322.428, 532.997, 362.509
217.845, 328.243, 198.72, 358.266
153.91, 332.981, 152.572, 362.103
472.41, 337.422, 396.652, 372.922
112.6, 339.384, 122.687, 366.998
835.865, 345.328, 718.272, 391.076
90.382, 345.682, 108.117, 372.777
418.923, 345.489, 353.528, 379.913
829.049, 356.598, 712.02, 403.232
773.356, 360.024, 658.94, 404.863
160.274, 367.353, 157.378, 392.345
431.627, 370.997, 364.226, 405.073
699.209, 371.702, 591.608, 414.61
511.468, 372.742, 429.231, 408.92
694.868, 375.615, 588.46, 419.516
646.994, 376.729, 544.953, 417.731
92.5006, 378.428, 109.274, 402.017
749.743, 379.024, 637.99, 423.436
578.128, 381.79, 485.881, 420.606
593.891, 381.981, 499.118, 421.34
460.569, 385.132, 389.341, 421.075
493.729, 384.769, 414.805, 420.683
331.24, 386.03, 285.342, 415.71
898.353, 385.945, 779.641, 436.93
489.649, 390.25, 411.669, 425.672
518.265, 391.341, 435.296, 427.564
738.311, 391.021, 627.281, 435.711
473.944, 400.19, 398.828, 434.94
399.117, 403.162, 340.246, 435.297
744.66, 404.777, 633.133, 450.248
522.006, 406.007, 438.42, 442.277
797.101, 407.956, 683.927, 456.969
271.744, 409.178, 239.731, 436.58
863.906, 409.197, 745.685, 460.33
397.726, 410.063, 338.037, 441.211
653.424, 419.923, 552.169, 461.743
272.768, 422.954, 242.166, 449.825
322.285, 423.164, 279.681, 451.542
106.821, 425.133, 121.093, 445.666
474.856, 424.902, 400.324, 458.83
61.1573, 427.318, 89.1614, 446.282
656.498, 426.939, 554.422, 470.042
504.842, 432.086, 425.906, 468.329
585.227, 435.466, 492.888, 474.357
658.879, 437.751, 557.003, 480.188
665.188, 437.629, 561.978, 480.181
683.166, 438.442, 579.045, 481.87
670.548, 443.366, 567.423, 486.351
452.989, 457.258, 383.385, 489.543
24.2856, 460.639, 63.8663, 474.294
96.6993, 460.572, 114.512, 476.678
362.153, 460.972, 311.129, 488.914
228.093, 462.345, 208.885, 484.182
91.8035, 462.932, 110.877, 479.628
586.35, 466.146, 494.276, 504.707
652.377, 466.627, 552.846, 509.062
351.398, 470.204, 302.983, 497.115
693.014, 470.482, 587.887, 515.234
93.1961, 471.596, 112.296, 487.183
252.569, 473.427, 227.307, 495.905
402.682, 477.907, 343.413, 507.295
428.678, 478.208, 363.895, 508.855
88.4254, 479.918, 109.013, 494.357
322.929, 482.918, 281.039, 507.903
349.338, 483.127, 301.46, 509.334
443.948, 482.613, 376.62, 513.772
479.658, 483.022, 405.485, 515.799
548.233, 486.739, 462.202, 523.574
49.0634, 488.006, 81.4727, 500.109
712.232, 488.43, 605.926, 535.33
502.008, 493.852, 424.066, 527.917
698.728, 498.01, 593.986, 543.453
155.537, 498.995, 155.874, 514.828
610.635, 499.13, 515.849, 539.774
776.216, 501.035, 664.29, 551.919
711.837, 504.434, 605.349, 551.088
423.327, 508.281, 360.519, 537.845
479.384, 515.408, 406.447, 547.579
721.18, 521.202, 614.331, 568.808
317.04, 523.999, 277.835, 546.517
611.122, 528.987, 517.553, 569.267
798.542, 528.668, 685.993, 581.952
820.333, 529.033, 706.985, 584.095
561.673, 531.089, 474.319, 568.173
127.904, 533.065, 139.132, 544.346
603.299, 535.92, 510.172, 575.753
377.457, 537.052, 324.961, 562.35
453.298, 536.836, 386.012, 567.374
665.825, 542.31, 565.344, 586.534
719.182, 548.646, 612.744, 596.543
340.702, 552.555, 296.431, 575.046
393.692, 556.655, 337.883, 582.467
726.828, 557.411, 620.061, 605.855
139.948, 558.847, 147.392, 568.679
490.1, 562.068, 417.17, 593.95
727.228, 564.822, 621.427, 616.333
53.5967, 566.72, 86.7415, 570.842
186.421, 570.834, 181.366, 582.371
679.005, 573.222, 577.561, 618.796
169.881, 573.476, 170.139, 584.284
603.147, 575.328, 511.559, 615.087
664.71, 576.358, 565.523, 620.868
327.736, 579.582, 287.396, 599.732
187.652, 581.127, 182.987, 591.985
84.4882, 587.013, 108.599, 591.117
379.042, 590.618, 327.723, 613.305
434.313, 591.822, 370.796, 618.865
412.198, 592.664, 354.022, 618.001
479.655, 596.744, 407.971, 626.688
367.214, 605.785, 319.155, 627.427
626.853, 606.785, 532.879, 648.373
330.44, 612.969, 291.473, 631.399
497.366, 613.962, 424.047, 645.557
431.221, 616.477, 370.211, 642.538
384.621, 617.295, 332.834, 639.412
339.774, 618.206, 297.338, 636.964
413.633, 619.622, 355.648, 643.816
100.285, 623.288, 120.631, 624.043
499.185, 625.894, 426.051, 655.109
136.754, 628.925, 146.54, 632.417
25.0258, 634.074, 69.3913, 629.996
80.5089, 638.662, 107.521, 637.835
33.2702, 640.437, 74.8086, 635.703
62.0549, 643.38, 94.9494, 640.398
76.3481, 642.517, 103.989, 640.668
344.814, 23.1262, 290.398, 69.8921
536.57, 28.4581, 443.759, 68.0079
139.86, 34.0887, 136.488, 87.0488
158.128, 34.1416, 150.792, 86.0531
709.213, 40.1521, 594.419, 72.8188
75.6406, 54.6467, 90.0125, 108.057
592.147, 60.0173, 492.784, 97.5416
404.305, 61.3388, 336.487, 104.644
812.058, 63.3371, 689.879, 93.1391
393.847, 64.4688, 328.291, 108.014
796.949, 65.2791, 677.065, 95.5156
244.002, 75.7461, 213.202, 123.053
340.921, 82.0308, 287.047, 126.277
291.421, 83.2842, 248.852, 129.161
426.549, 96.121, 355.287, 138.269
45.8247, 97.0112, 70.9699, 146.821
432.894, 101.218, 360.068, 142.767
206.702, 131.622, 185.873, 175.861
883.883, 137.358, 759.826, 170.587
691.182, 137.544, 579.951, 173.992
681.622, 138.958, 571.034, 175.483
456.959, 146.272, 380.039, 185.863
250.678, 155.322, 219.388, 197.573
153.671, 156.555, 148.57, 199.733
262.569, 162.038, 228.429, 204.165
704.68, 164.771, 591.868, 201.423
723.344, 164.96, 609.31, 201.35
390.964, 166.234, 327.013, 206.742
669.792, 168.203, 561.169, 205.807
446.185, 169.618, 371.207, 209.358
480.966, 170.206, 399.522, 209.726
260.273, 172.736, 226.239, 214.086
695.036, 189.075, 583.729, 226.768
423.8, 202.851, 354.226, 242.462
715.142, 203.448, 602.19, 241.703
215.862, 204.801, 194.815, 243.612
348.155, 207.448, 295.248, 246.347
664.981, 207.866, 558.842, 246.752
37.5989, 212.858, 67.0583, 252.099
897.594, 218.432, 775.815, 257.123
189.75, 223.416, 175.752, 261.354
715.312, 232.015, 603.911, 271.204
183.647, 240.772, 170.595, 277.518
535.165, 241.167, 446.841, 279.618
576.734, 254.298, 482.237, 292.869
40.9104, 254.733, 71.2925, 289.604
775.453, 255.399, 659.186, 295.203
631.14, 259.143, 528.77, 298.265
897.261, 259.032, 776.212, 300.949
100.06, 261.016, 112.561, 295.937
335.316, 263.946, 288.281, 298.667
200.948, 266.135, 184.424, 301.502
393.753, 271.058, 331.768, 307.445
780.164, 270.963, 663.936, 311.933
472.095, 273.928, 394.908, 310.23
358.28, 285.677, 304.682, 321.871
329.211, 288.884, 282.413, 324.037
448.689, 291.02, 376.07, 327.773
837.022, 291.358, 718.546, 333.905
676.859, 298.828, 569.991, 339.486
801.727, 299.682, 684.695, 342.687
521.179, 301.473, 436.207, 339.001
494.873, 317.358, 414.551, 354.802
459.929, 318.386, 385.182, 355.076
543.551, 327.046, 455.882, 364.927
142.267, 328.064, 143.705, 357.17
412.597, 328.89, 348.47, 363.708
418.003, 336.195, 353.103, 371.114
814.711, 346.474, 698.069, 391.935
759.68, 353.79, 646.397, 398.154
911.351, 355.549, 794.37, 403.245
781.76, 360.84, 667.234, 406.049
421.7, 368.551, 354.998, 399.926
80.3246, 378.208, 101.279, 402.313
198.818, 381.2, 185.684, 407.825
562.106, 381.071, 472.781, 419.244
516.322, 385.56, 433.445, 421.98
64.9029, 389.763, 90.4728, 412.293
325.11, 389.666, 281.092, 419.567
504.229, 395.153, 424.293, 431.603
579.757, 403.73, 486.965, 443.257
354.088, 410.543, 303.991, 439.795
296.836, 412.346, 260.107, 440.099
240.484, 422.196, 217.583, 446.382
26.1166, 423.786, 64.4663, 441.538
575.363, 430.057, 484.489, 468.824
124.402, 439.142, 134.038, 458.336
819.465, 440.489, 704.511, 491.052
306.445, 441.132, 268.042, 467.722
408.056, 440.871, 346.903, 471.314
521.293, 440.963, 439.121, 476.825
506.331, 441.593, 427.459, 476.854
55.9608, 445.922, 85.0728, 461.193
160.913, 455.766, 159.876, 475.1
896.949, 456.312, 778.491, 512.154
869.948, 456.801, 752.015, 511.208
463.609, 460.193, 392.342, 493.359
446.062, 461.068, 376.002, 492.512
173.42, 473.166, 172.613, 492.977
390.946, 477.197, 333.999, 506.052
840.628, 490.326, 727.591, 545.968
229.806, 497.872, 211.713, 517.674
922.802, 498.124, 804.503, 558.524
645.81, 503.169, 547.421, 545.94
287.035, 504.243, 254.081, 526.282
354.769, 506.63, 306.595, 532.749
537.773, 520.828, 454.241, 556.586
87.5393, 531.558, 110.153, 541.187
86.2124, 538.622, 109.659, 547.739
80.8911, 544.115, 105.186, 551.998
807.553, 548.991, 695.332, 603.971
200.65, 556.18, 191.534, 570.157
272.637, 574.836, 246.892, 593.422
725.957, 585.085, 620.265, 634.724
831.768, 591.212, 719.108, 649.612
659.084, 591.825, 560.506, 635.787
466.711, 596.004, 398.768, 625.289
123.774, 597.917, 137.275, 603.28
437.116, 598.989, 374.1, 625.862
488.258, 603.8, 415.985, 634.224
674.092, 605.283, 574.54, 650.734
311.809, 619.99, 275.768, 636.47
232.053, 639.778, 216.982, 650.007
691.53, 25.3496, 578.492, 57.9963
193.579, 31.4653, 175.346, 82.8673
764.659, 36.5407, 644.723, 66.92
155.676, 41.1372, 147.35, 93.1169
656.063, 44.2948, 546.642, 79.1643
124.505, 50.1401, 125.208, 102.128
574.446, 50.6071, 476.225, 88.1643
845.047, 56.4935, 722.131, 84.2971
117.932, 64.1662, 121.046, 115.328
666.283, 85.2251, 558.2, 121.628
661.059, 91.2882, 553.291, 127.098
841.584, 94.9464, 718.973, 125.577
690.616, 99.3371, 578.544, 134.279
94.6009, 149.751, 106.154, 194.251
739.986, 150.456, 625.657, 186.698
144.89, 158.929, 141.754, 203.215
318.326, 169.742, 270.206, 210.833
712.358, 170.869, 599.129, 207.599
823.005, 186.139, 702.846, 222.678
317.144, 196.341, 270.509, 235.734
187.199, 200.897, 173.48, 240.316
214.425, 221.744, 193.803, 260.275
351.53, 225.637, 298.229, 263.654
83.4226, 227.165, 99.409, 264.904
736.038, 227.011, 622.639, 265.904
383.011, 233.969, 322.932, 272.617
591.44, 267.787, 494.819, 306.797
602.816, 284.299, 504.499, 323.78
371.571, 285.968, 314.745, 321.64
316.886, 288.864, 272.265, 324.143
147.902, 294.712, 147.149, 327.382
258.654, 307.565, 228.983, 340.965
524.966, 321.631, 436.17, 359.435
164.326, 329.682, 158.738, 359.3
66.8853, 335.553, 90.8715, 362.778
124.764, 335.422, 131.226, 364.234
700.865, 343.151, 592.598, 385.287
555.568, 387.301, 466.308, 425.518
104.375, 390.951, 118.095, 414.755
869.273, 391.714, 751.161, 441.868
631.123, 397.653, 531.47, 439.036
785.604, 406.369, 670.711, 453.797
217.308, 433.88, 200.608, 457.606
801.731, 442.078, 687.988, 491.739
587.366, 444.296, 494.042, 483.342
331.681, 459.151, 287.365, 486.04
396.975, 461.899, 338.895, 491.215
530.272, 470.577, 448.27, 505.09
412.714, 493.768, 351.237, 522.686
740.925, 494, 632.44, 541.959
506.605, 516.643, 428.259, 550.285
353.584, 527.072, 305.333, 551.439
770.229, 540.411, 659.935, 591.389
143.726, 542.217, 151.059, 555.161
155.177, 555.848, 158.168, 567.262
309.672, 570.069, 273.964, 589.576
522.094, 580.932, 442.53, 614.735
247.379, 582.192, 226.608, 596.926
429.698, 603.388, 368.669, 629.934
476.189, 604.254, 404.965, 633.79
323.242, 639.299, 284.805, 655.36
507.711, 32.7661, 419.853, 73.4295
688.658, 42.227, 576.567, 75.6871
200.472, 48.6547, 180.83, 97.5892
91.6973, 55.8672, 107.342, 108.524
403.717, 74.0753, 332.749, 116.904
715.849, 100.543, 601.947, 135.064
511.603, 143.82, 425.008, 184.027
598.69, 164.351, 499.317, 202.609
768.196, 184.597, 650.77, 220.7
340.096, 224.812, 289.618, 263.279
175.438, 226.116, 165.308, 264.457
38.0433, 231.468, 67.6312, 268.731
349.997, 270.451, 298.079, 306.89
653.277, 274.784, 549.242, 314.424
869.227, 283.434, 749.114, 327.466
128.228, 294.024, 132.988, 326.413
244.03, 295.525, 218.313, 329.959
130.719, 315.759, 133.035, 347.633
35.2427, 325.974, 69.865, 355.298
532.197, 330.199, 446.177, 367.721
738.495, 334.535, 627.83, 378.126
370.401, 341.701, 315.313, 375.302
389.835, 341.457, 330.461, 375.6
506.463, 387.725, 426.16, 422.983
748.137, 392.059, 636.413, 437.554
315.656, 427.118, 274.425, 455.299
757.862, 452.972, 646.803, 500.485
376.156, 468.373, 321.023, 496.041
268.442, 471.983, 239.171, 495.859
139.009, 488.406, 143.32, 503.813
156.845, 490.135, 157.934, 507.43
327.817, 521.52, 285.034, 546.933
42.0651, 624.618, 79.5885, 622.791
333.765, 40.8116, 280.551, 87.4275
211.787, 72.567, 189.522, 120.481
702.372, 146.469, 589.662, 183.07
317.223, 149.796, 268.592, 192.297
161.109, 186.432, 153.875, 227.058
366.11, 230.771, 308.524, 269.262
551.864, 305.663, 462.288, 343.712
53.2582, 330.379, 80.8571, 358.5
204.25, 334.52, 190.251, 364.682
809.923, 341.055, 689.731, 386.249
508.739, 366.328, 427.159, 402.243
695.582, 399.635, 588.669, 442.651
768.378, 428.35, 656.296, 476.023
401.782, 449.275, 340.153, 478.36
346.682, 472.824, 299.306, 500.141
550.181, 482.035, 463.745, 519.472
853.215, 493.253, 737.585, 548.522
743.36, 517.873, 632.638, 567.261
254.595, 47.3575, 220.091, 95.7528
634.574, 52.0034, 528.279, 87.383
264.313, 69.2677, 228.609, 115.891
508.63, 85.6167, 421.24, 125.648
619.495, 109.047, 515.505, 145.968
232.387, 125.004, 205.19, 169.161
871.204, 168.582, 749.159, 203.3
201.336, 227.907, 183.552, 264.217
316.419, 247.416, 271.861, 284.621
698.37, 334.808, 590.161, 376.815
358.484, 371.527, 305.459, 403.628
831.905, 458.285, 716.144, 510.833
571.359, 504.385, 483.798, 541.655
388.767, 525.598, 332.79, 553.23
691.627, 534.99, 588.108, 580.292
649.985, 259.277, 543.742, 297.36
511.901, 332.63, 431.714, 371.431
171.68, 546.144, 173.048, 558.547
584.77, 553.04, 495.009, 588.974
81.4799, 572.597, 106.94, 578.295
308.609, 615.278, 274.203, 632.019
219.298, 246.547, 197.751, 284.321
