65.1366, 23.304, 102.484, 123.756
426.363, 23.6158, 333.472, 111.928
706.705, 24.3915, 548.545, 100.555
586.404, 24.9305, 450.632, 107.417
435.295, 28.2636, 342.278, 118.248
742.748, 29.8327, 577.866, 104.677
513.563, 32.5623, 396.743, 117.153
583.609, 32.6223, 449.547, 114.476
203.56, 36.0893, 189.02, 132.455
630.511, 37.1965, 486.871, 117.605
552.706, 38.6443, 426.049, 121.868
123.08, 39.9235, 139.841, 136.957
302.886, 39.836, 247.349, 131.396
288.51, 41.1371, 239.454, 133.639
469.092, 41.5016, 363.992, 127.621
671.018, 41.5158, 518.094, 120.066
702.356, 43.2961, 544.094, 120.777
510.841, 46.5262, 399.595, 128.934
174.211, 50.8468, 169.668, 144.163
887.398, 53.9493, 706.181, 124.808
319.501, 55.517, 260.348, 146.006
171.161, 55.8468, 166.895, 149.951
916.094, 56.3209, 734.281, 126.073
329.575, 58.5952, 268.47, 148.573
831.598, 58.3529, 655.236, 132.244
397.478, 59.0747, 314.379, 146.956
680.935, 59.0115, 527.501, 138.537
371.289, 63.1549, 295.781, 151.549
792.647, 67.8293, 622.165, 143.886
162.291, 69.5605, 162.213, 162.734
610.292, 71.56, 470.647, 153.651
366.122, 78.5989, 293.501, 166.61
627.804, 79.1297, 483.994, 160.766
146.679, 82.5756, 152.869, 174.535
716.049, 83.5484, 556.176, 163.128
827.46, 84.8318, 653.741, 161.185
659.385, 85.4785, 510.765, 166.699
815.582, 85.6297, 642.849, 162.379
218.812, 87.8651, 196.969, 178.75
833.638, 88.6651, 657.938, 165.222
110.906, 91.0377, 129.536, 183.427
784.43, 91.1862, 614.495, 169.402
752.336, 92.5993, 586.997, 172.105
585.249, 93.5457, 455.992, 176.797
712.534, 94.518, 552.773, 174.575
664.55, 96.0282, 514.098, 177.474
506.647, 96.6356, 392.931, 181.316
339.36, 100.11, 278.563, 187.045
863.858, 101.016, 685.399, 178.225
689.324, 106.257, 534.387, 187.578
207.844, 115.402, 189.917, 204.008
837.884, 115.528, 662.46, 194.905
788.513, 117.463, 618.946, 198.022
877.134, 117.393, 698.189, 195.792
178.48, 121.296, 171.326, 209.371
291.564, 123.315, 242.82, 210.177
183.571, 125.625, 175.619, 213.563
244.069, 127.313, 214.071, 213.285
329.197, 133.149, 267.106, 219.007
778.167, 138.004, 609.821, 220.586
879.09, 141.501, 698.248, 225.283
47.9531, 146.933, 95.293, 232.417
689.996, 147.976, 535.434, 231.806
493.537, 152.084, 382.361, 236.466
747.516, 153.503, 582.772, 237.306
424.555, 158.546, 333.69, 243.497
506.74, 161.01, 394.611, 245.66
671.179, 162.121, 517.382, 245.838
741.393, 165.293, 577.497, 249.987
45.9815, 166.64, 91.9991, 250.975
329.581, 168.008, 266.385, 251.39
699.29, 169.163, 542.48, 253.982
927.66, 168.629, 745.852, 253.395
657.961, 170.912, 509.819, 256.188
95.7247, 172.456, 122.31, 255.979
389.585, 172.412, 309.04, 257.141
834.29, 174.009, 659.816, 259.658
379.966, 174.957, 304.486, 258.737
426.91, 177.882, 336.326, 265.453
877.02, 177.903, 698.537, 264.217
594.046, 178.375, 459.078, 263.372
386.271, 179.906, 306.819, 264.109
760.196, 181.067, 594.541, 267.226
821.469, 182.127, 648.077, 268.259
292.717, 185.467, 241.202, 270.477
597.379, 187.061, 461.55, 272.284
333.112, 188.435, 271.625, 272.278
278.889, 190.6, 235.977, 273.551
65.6465, 191.45, 104.394, 272.625
743.573, 193.278, 580.32, 279.891
654.192, 196.287, 506.84, 282.435
886.646, 196.854, 707.902, 285.514
376.538, 198.837, 300.614, 282.534
864.086, 203.416, 687.405, 292.209
140.464, 206.407, 150.814, 286.895
687.377, 210.381, 533.405, 297.65
539.042, 212.209, 417.603, 297.303
652.135, 211.833, 505.452, 298.688
90.0397, 214.713, 119.504, 293.714
183.88, 218.142, 176.619, 297.963
95.9973, 221.443, 123.059, 300.649
828.801, 222.312, 655.885, 313.201
549.351, 223.074, 425.342, 307.845
707.102, 228.123, 550.475, 316.411
921.031, 230.374, 740.547, 326.701
833.858, 231.189, 660.772, 322.604
353.056, 233.182, 290.087, 313.114
552.678, 234.2, 429.017, 319.279
100.665, 235.154, 130.113, 311.79
514.955, 236.055, 399.628, 320.942
394.461, 236.73, 313.202, 319.005
425.121, 236.805, 335.143, 319.895
368.376, 237.715, 296.379, 319.611
838.801, 239.147, 665.079, 332.041
698.122, 239.978, 543.449, 329.058
498.911, 241.073, 387.351, 325.689
353.167, 244.177, 286.308, 325.545
841.328, 246.114, 667.271, 339.352
120.008, 246.51, 137.408, 322.893
137.743, 249.235, 148.483, 325.768
306.47, 253.056, 254.653, 332.967
763.023, 253.095, 597.159, 344.918
728.042, 260.572, 568.513, 351.763
521.801, 261.946, 404.776, 346.898
600.825, 264.462, 462.799, 349.391
770.96, 264.75, 604.757, 357.56
911.951, 266.478, 733.015, 364.262
297.421, 268.366, 248.94, 346.906
202.705, 270.435, 188.071, 348.761
605.885, 273.437, 469.331, 359.683
150.215, 274.542, 156.451, 349.267
762.913, 274.595, 597.947, 368.034
433.02, 281.476, 341.719, 363.656
760.372, 281.342, 595.974, 375.168
817.858, 281.329, 646.782, 377.038
720.717, 281.825, 562.946, 373.496
648.092, 285.302, 503.297, 374.253
619.411, 287.057, 479.961, 375.816
610.557, 288.797, 472.992, 377.303
720.27, 288.296, 561.453, 380.954
676.325, 289.163, 526.189, 380.079
739.545, 288.783, 578.523, 382.384
75.2742, 289.522, 113.123, 360.083
231.92, 291.153, 204.345, 366.256
794.938, 291.328, 626.505, 387.364
293.809, 293, 244.282, 369.503
630.227, 293.061, 489.423, 381.968
535.08, 295.119, 416.113, 380.7
32.8726, 296.883, 88.3388, 365.599
870.969, 298.157, 695.039, 398.377
647.217, 300.331, 504.324, 391.748
856.064, 304.53, 681.115, 404.783
866.513, 308.059, 691.415, 409.02
817.559, 309.287, 646.6, 407.624
796.323, 313.936, 627.991, 412.06
467.634, 318.106, 367.576, 399.979
788.733, 318.328, 622.684, 416.486
857.532, 321.338, 683.964, 423.319
403.584, 324.176, 321.328, 403.956
186.564, 324.614, 179.687, 395.653
302.83, 338.264, 255.889, 414.082
99.7894, 341.491, 123.341, 407.861
110.884, 344.638, 133.53, 410.747
40.3914, 344.891, 92.1062, 407.878
678.147, 345.645, 527.108, 438.867
469.96, 347.864, 369.567, 426.602
511.186, 348.596, 399.798, 433.282
631.318, 348.61, 489.946, 440.135
789.666, 348.808, 622.812, 449.669
715.168, 349.946, 557.341, 445.768
669.747, 350.946, 520.8, 444.547
566.604, 358.364, 440.378, 446.808
910.455, 360.9, 733.116, 471.36
518.074, 361.695, 403.908, 446.79
169.892, 363.359, 169.236, 429.171
181.888, 364.435, 176.056, 432.287
744.856, 366.109, 584.191, 465.522
678.524, 367.171, 528.775, 462.255
28.6214, 368.961, 86.0184, 428.878
438.924, 371.005, 347.473, 451.113
146.37, 373.044, 160.224, 438.271
779.062, 373.093, 613.369, 475.151
167.938, 373.624, 168.924, 441.312
380.67, 374.885, 310.848, 453.009
767.382, 374.953, 603.259, 476.593
534.065, 375.402, 415.925, 461.38
297.413, 376.183, 251.069, 448.923
558.999, 376.912, 434.691, 464.633
728.817, 378.327, 570.466, 477.356
489.701, 379.2, 380.75, 463.79
258.946, 379.817, 225.966, 449.875
788.855, 383.434, 622.433, 486.971
714.025, 384.848, 557.337, 483.116
651.939, 385.636, 506.661, 480.067
881.963, 385.485, 706.57, 496.586
294.047, 388.654, 246.953, 460.573
783.948, 389.823, 617.439, 493.962
833.87, 391.91, 662.069, 499.823
567.362, 395.608, 440.85, 483.704
907.6, 396.789, 730.937, 510.717
658.629, 398.364, 512.943, 493.491
740.64, 398.654, 580.597, 499.98
300.645, 401.122, 253.633, 472.409
897.428, 401.182, 718.076, 514.563
702.915, 402.909, 551.557, 497.584
886.973, 407.016, 710.619, 516.542
434.236, 409.706, 343.779, 488.787
741.461, 410.757, 581.336, 512.931
626.601, 413.131, 487.488, 506.18
413.076, 415.613, 331.189, 492.013
800.326, 415.507, 632.672, 523.13
414.355, 421.906, 330.608, 499.218
422.478, 425.244, 336.071, 503.082
396.018, 428.324, 315.99, 507.362
433.513, 432.106, 343.999, 510.482
519.218, 431.802, 403.344, 516.147
445.406, 432.818, 351.856, 511.844
738.707, 437.78, 579.32, 541.667
744.918, 437.774, 584.887, 542.365
512.978, 438.914, 400.728, 524.08
62.1589, 445.906, 107.183, 501.992
434.294, 447.299, 343.986, 525.409
149.291, 449.366, 159.586, 506.091
346.885, 454.299, 283.935, 525.663
663.987, 454.325, 517.647, 552.011
586.051, 461.683, 456.212, 552.602
667.52, 463.118, 521.475, 561.613
749.689, 469.214, 589.413, 576.041
676.959, 470.712, 529.643, 570.475
120.545, 479.858, 140.321, 532.929
556.493, 482.369, 433.571, 570.707
493.324, 483.997, 386.049, 566.505
457.356, 485.537, 361.281, 564.943
752.009, 486.571, 592.522, 594.076
528.569, 487.605, 412.856, 573.448
402.051, 488.041, 322.087, 562.797
410.067, 487.976, 327.876, 563.104
347.498, 490.047, 284.591, 560.455
639.01, 491.385, 499.154, 588.173
632.316, 492.56, 491.789, 588.317
282.987, 496.692, 241.515, 560.704
833.627, 497.233, 662.614, 613.06
84.9882, 499.922, 119.381, 548.449
250.549, 501.367, 220.7, 562.322
732.068, 504.051, 575.874, 611.165
753.805, 508.023, 593.839, 617.925
247.802, 510.455, 222.135, 572.151
455.512, 510.471, 359.919, 589.122
541.053, 510.505, 423.28, 599.132
62.0504, 516.161, 107.533, 561.033
358.987, 517.483, 293.355, 587.101
114.628, 520.177, 138.106, 568.624
760.233, 524.921, 599.357, 636.945
144.946, 527.425, 154.378, 578.438
314.054, 527.715, 262.185, 592.134
742.812, 527.404, 584.588, 637.75
369.354, 530.894, 300.111, 598.68
244.801, 532.802, 217.203, 590.474
503.758, 534.945, 394.973, 618.001
135.462, 535.986, 151.224, 584.451
388.547, 536.526, 314.165, 608.201
320.373, 537.083, 264.916, 602.306
472.467, 542.525, 372.912, 622.58
195.786, 546.259, 191.088, 597.188
556.102, 546.645, 434.835, 637.462
648.846, 550.95, 507.026, 651.069
678.75, 552.99, 531.816, 656.938
317.956, 554.323, 265.767, 616.967
547.352, 555.916, 428.512, 644.489
193.412, 558.467, 182.727, 608.16
444.405, 564.915, 351.378, 640.539
427.59, 567.961, 342.269, 642.51
339.152, 582.6, 281.314, 647.009
138.517, 586.052, 153.479, 630.103
24.6925, 589.631, 87.1384, 622.82
161.116, 594.465, 167.423, 639.731
132.533, 597.948, 150.795, 640.007
242.793, 602.047, 218.902, 655.053
231.999, 607.954, 211.416, 654.981
97.6041, 613.45, 129.478, 650.849
339.584, 26.6004, 275.134, 117.581
713.313, 30.5524, 554.073, 106.445
602.39, 31.2451, 464.408, 112.387
595.023, 33.2041, 458.42, 114.88
99.26, 36.0753, 124.017, 134.008
429.036, 36.7053, 335.948, 124.374
665.504, 37.5864, 515.274, 116.477
854.845, 38.017, 676.234, 108.236
458.961, 42.3872, 357.696, 128.982
500.587, 50.6644, 387.336, 135.765
907.898, 53.6252, 728.02, 120.102
154.355, 54.3504, 157.113, 149.133
936.428, 56.1316, 754.243, 124.956
849.931, 60.6557, 672.512, 133.781
766.637, 60.925, 598.904, 137.478
110.488, 61.2767, 129.814, 156.431
542.845, 62.8428, 418.553, 146.882
427.008, 63.7825, 335.438, 150.872
98.8059, 65.335, 126.707, 160.649
533.999, 67.8995, 412.115, 151.985
632.364, 67.8507, 488.249, 149.196
589.346, 71.5792, 455.788, 154.083
433.966, 71.8046, 340.679, 158.556
739.268, 72.044, 575.769, 150.428
659.333, 76.0365, 510.45, 156.876
95.8091, 79.0463, 121.94, 172.564
871.396, 82.7934, 693.362, 157.963
902.491, 87.986, 721.857, 162.531
893.369, 88.4463, 713.4, 163.693
869.694, 90.8864, 690.342, 166.833
644.717, 93.9238, 497.866, 175.731
539.37, 95.8712, 416.535, 180.019
553.391, 97.0168, 425.831, 181.044
448.058, 99.9067, 349.477, 185.951
620.768, 101.865, 478.959, 184.589
870.164, 102.891, 691.632, 180.049
371.964, 105.092, 299.439, 188.264
456.063, 106.559, 356.11, 192.304
431.979, 108.922, 338.622, 194.924
748.802, 109.605, 583.633, 189.934
167.25, 111.155, 165.313, 200.658
199.544, 111.178, 185.408, 200.42
380.839, 110.832, 303.713, 197.883
591.912, 111.31, 456.71, 194.966
149.388, 114.544, 153.937, 203.588
585.547, 114.896, 451.727, 198.571
621.669, 116.477, 479.762, 199.621
78.2149, 118.678, 111.556, 208.621
411.051, 119.879, 323.841, 205.993
629.861, 121.304, 485.885, 203.864
711.838, 125.151, 552.775, 207.723
483.062, 125.75, 374.742, 210.972
196.191, 128.4, 183.11, 215.938
232.611, 130.647, 208.041, 215.643
453.364, 133.128, 354.108, 219.055
844.177, 132.919, 668.667, 213.685
343.978, 134.159, 278.265, 220.48
412.352, 134.283, 324.837, 219.768
853.946, 136.716, 676.705, 218.103
768.549, 138.547, 601.063, 221.168
160.322, 140.41, 160.535, 227.085
557.546, 140.325, 430.055, 224.37
667.891, 140.919, 516.623, 224.752
120.879, 141.423, 137.866, 228.133
222.898, 142.52, 199.942, 228.946
465.042, 142.531, 362.058, 227.544
201.085, 143.557, 187.221, 229.566
269.714, 144.024, 229.021, 229.573
525.441, 144.551, 406.668, 229.562
451.772, 146.672, 352.729, 231.891
406.218, 147.175, 320.661, 232.495
85.1482, 151.011, 114.638, 233.462
774.906, 153.05, 607.165, 236.374
555.252, 153.976, 428.843, 238.681
459.281, 156.296, 358.006, 240.955
237.708, 157.733, 209.378, 242.61
682.75, 159.836, 529.219, 244.083
202.687, 161.854, 187.971, 246.484
292.737, 161.953, 244.633, 247.358
157.476, 162.521, 159.818, 247.614
878.567, 165.381, 699.261, 249.975
543.885, 166.008, 420.703, 251.444
777.398, 168.827, 608.574, 253.615
821.979, 169.684, 648.213, 254.241
514.19, 170.263, 397.745, 255.3
470.892, 172.163, 366.357, 257.17
458.027, 172.549, 356.836, 256.872
141.046, 176.055, 149.555, 259.551
187.041, 179.952, 177.897, 263.004
284.555, 182.707, 239.156, 266.48
407.01, 184.012, 322.02, 268.325
776.127, 184.354, 607.724, 270.307
109.601, 188.524, 131.203, 271.159
490.138, 190.139, 378.892, 277.414
187.404, 191.012, 178.588, 273.347
382.278, 190.987, 303.313, 275.093
241.221, 191.978, 211.106, 274.557
147.298, 192.85, 154.068, 274.983
71.6967, 194.359, 108.643, 275.629
43.8317, 196.617, 92.2572, 277.405
134.571, 198.21, 146.136, 279.592
545.31, 199.486, 421.884, 284.483
883.444, 201.993, 704.972, 291.556
650.934, 203.74, 503.833, 290.082
731.124, 205.469, 569.559, 293.022
377.357, 210.558, 301.739, 294.015
515.225, 213.986, 399.869, 298.978
234.08, 219.598, 209.821, 301.966
178.688, 221.851, 173.373, 302.035
67.2535, 224.402, 106.217, 302.284
273.5, 225.569, 232.76, 306.445
514.092, 226.268, 398.607, 311.533
846.999, 226.338, 675.42, 316.82
565.137, 227.419, 437.915, 313.079
575.882, 230.16, 445.91, 316.13
210.238, 231.816, 192.851, 311.193
771.619, 233.266, 604.941, 323.484
912.048, 235.16, 733.166, 329.037
850.929, 235.515, 675.919, 327.809
152.181, 237.594, 156.876, 314.789
858.344, 237.836, 682.345, 331.145
711.053, 240.138, 554.266, 329.566
220.772, 240.639, 199.97, 319.409
809.653, 240.275, 638.607, 332.092
287.878, 241.347, 242.263, 321.38
89.1892, 243.273, 119.492, 319.174
206.182, 243.325, 190.436, 321.352
371.243, 244.526, 299.448, 326.387
440.3, 244.444, 346.693, 327.684
658.709, 246.684, 512.453, 334.549
402.297, 249.954, 319.895, 332.499
862.996, 249.994, 686.723, 344.027
701.064, 251.151, 546.767, 341.342
813.759, 252.018, 641.988, 344.949
157.845, 252.892, 160.528, 329.598
493.309, 252.944, 384.019, 337.112
85.9144, 253.901, 115.282, 327.877
858.594, 256.222, 683.397, 351.286
438.004, 258.576, 344.253, 341.496
776.221, 259.018, 609.065, 351.958
818.902, 260.128, 646.938, 354.407
669.129, 263.648, 519.315, 353.16
154.655, 264.079, 159.953, 339.622
72.6552, 268.212, 110.801, 341.269
306.738, 269.048, 255.444, 347.778
333.63, 269.597, 273.398, 348.855
440.311, 270.887, 346.095, 353.701
546.863, 271.88, 424.047, 357.538
137.452, 273.532, 148.287, 347.626
466.488, 274.96, 365.313, 358.382
348.298, 278.514, 282.563, 357.898
178.301, 280.936, 172.907, 356.203
331.953, 281.568, 272.256, 360.417
494.001, 283.088, 385.275, 366.755
906.877, 284.116, 727.986, 384.163
681.813, 285.994, 533.198, 377.194
908.847, 291.943, 731.721, 393.931
259.124, 292.383, 224.642, 368.356
320.431, 295.41, 266.02, 373.877
502.794, 295.593, 391.92, 379.861
662.983, 295.974, 516.143, 386.559
314.587, 303.098, 261.104, 380.616
182.092, 308.472, 176.473, 380.621
298.819, 310.668, 250.45, 387.065
409.227, 310.697, 324.949, 391.336
345.98, 316.731, 281.527, 393.888
414.637, 317.221, 328.512, 397.987
655.546, 319.069, 509.417, 410.34
581.14, 319.263, 451.354, 406.791
424.566, 320.559, 336.898, 401.388
600.827, 321.486, 466.421, 410.03
546.369, 321.941, 423.78, 407.602
348.542, 323.57, 284.309, 400.903
93.9193, 324.968, 123.168, 393.055
630.083, 326.381, 489.843, 416.82
608.854, 334.817, 472.616, 424.462
350.351, 337.21, 285.478, 414.297
502.43, 342.084, 392.623, 426.17
51.2147, 344.136, 99.4594, 407.749
478.2, 343.892, 375.004, 426.978
246.249, 344.702, 217.578, 416.423
694.356, 349.378, 541.216, 444.564
687.918, 349.977, 535.449, 444.669
725.94, 349.99, 567.849, 447.453
777.94, 350.943, 612.846, 451.277
834.608, 351.412, 663.105, 455.426
859.899, 351.99, 685.735, 457.704
572.528, 354.701, 445.138, 442.711
700.902, 355.092, 547.178, 450.826
503.613, 355.425, 393.609, 439.299
740.594, 355.203, 579.304, 452.76
653.001, 358.059, 507.833, 450.547
203.027, 372.275, 189.426, 439.604
494.746, 373.364, 387.1, 456.984
272.559, 373.833, 234.071, 444.525
472.935, 374.486, 371.451, 456.737
182.6, 374.956, 178.219, 441.953
583.609, 379.309, 455.376, 470.17
821.888, 382.69, 650.962, 488.596
94.39, 383.497, 123.949, 444.768
750.529, 384.369, 589.119, 485.279
732.043, 386.989, 572.653, 487.018
392.811, 387.422, 314.424, 464.699
720.123, 388.067, 561.219, 487.363
551.959, 392.25, 429.111, 479.346
29.3108, 395.188, 85.8721, 451.681
490.562, 398.46, 383.569, 481.681
354.938, 398.856, 288.635, 473.421
398.054, 399.01, 318.541, 476.328
377.823, 401.539, 304.424, 477.636
727.284, 401.529, 569.02, 502.144
526.864, 403.171, 410.617, 488.845
752.957, 403.962, 591.072, 506.562
866.014, 403.858, 691.428, 515.762
486.279, 406.489, 381.033, 489.08
381.352, 408.818, 307.366, 484.434
136.638, 410.266, 149.543, 470.706
694.622, 411.86, 541.415, 509.793
377.418, 414.449, 304.332, 490.167
209.492, 415.16, 194.848, 479.96
781.465, 417.344, 615.748, 523.21
545.855, 419.99, 425.047, 506.346
637.37, 420.7, 495.965, 514.864
342.082, 421.17, 280.377, 493.629
75.1692, 423.326, 113.807, 479.18
392.667, 422.745, 315.413, 498.88
304.517, 428.605, 251.685, 497.215
351.49, 430.263, 287.475, 503.08
365.409, 432.874, 296.63, 506.813
531.548, 434.927, 415.314, 520.897
863.782, 434.928, 689.448, 550.111
245.002, 435.405, 217.663, 500.809
353.57, 441.898, 288.296, 514.366
420.116, 444.134, 334.061, 521.424
137.908, 446.783, 151.652, 504.132
250.189, 447.537, 221.039, 512.268
636.691, 447.532, 497.146, 542.514
773.011, 450.244, 609.091, 558.15
232.107, 450.49, 209.818, 514.15
590.85, 450.542, 459.908, 541.661
565.427, 451.429, 440.329, 540.511
408.203, 454.5, 325.677, 530.437
253.133, 455.726, 222.794, 520.058
507.771, 457.52, 397.683, 541.478
282.316, 459.257, 241.781, 524.77
239.068, 460.495, 214.042, 523.127
555.404, 461.131, 433.513, 549.524
320.01, 462.131, 266.846, 530.874
129.398, 462.984, 146.466, 518.052
815.583, 462.846, 646.518, 576.11
86.515, 463.614, 120.358, 515.702
71.1971, 465.846, 111.401, 516.941
501.527, 467.223, 392.539, 550.822
37.4249, 467.267, 93.6351, 516.061
741.446, 470.016, 582.726, 576.01
512.333, 470.731, 404.549, 552.511
612.846, 472.074, 477.762, 565.918
571.152, 473.686, 445.289, 563.101
341.884, 476.081, 283.635, 544.003
160.061, 478.008, 163.115, 533.552
438.607, 478.46, 347.905, 556.329
375.606, 479.929, 303.933, 552.943
67.5436, 482.191, 109.751, 531.395
280.74, 481.857, 240.441, 546.386
715.289, 482.165, 561.026, 586.736
33.3719, 483.003, 89.1773, 528.807
365.615, 485.068, 297.189, 556.576
834.507, 486.886, 663.876, 603.668
703.692, 489.793, 551.722, 594.059
510.313, 492.322, 399.319, 576.441
435.692, 492.893, 345.708, 570.1
663.936, 492.921, 520.157, 592.683
27.1175, 495.16, 86.4685, 539.958
376.61, 496.576, 304.571, 568.248
127.604, 499.64, 146.365, 551.376
815.716, 499.492, 640.958, 612.475
825.469, 501.139, 649.851, 617.093
623.845, 504.136, 486.68, 599.786
486.068, 515.16, 382.554, 596.914
860.718, 516.938, 686.349, 633.848
691.316, 518.129, 541.021, 621.633
682.91, 518.545, 534.549, 621.261
283.279, 521.472, 243.171, 583.61
105.873, 522.948, 132.91, 570.437
300.101, 523.53, 253.673, 587.512
864.601, 526.235, 691.356, 647.357
95.3993, 528.841, 127.65, 575.444
649.68, 529.469, 507.852, 628.819
332.732, 530.504, 275.175, 596.225
342.387, 530.42, 281.926, 597.436
707.593, 531.66, 555.493, 638.236
655.61, 534.482, 512.444, 630.583
618.999, 537.127, 483.169, 633.298
465.221, 537.577, 367.345, 616.104
700.389, 546.613, 549.127, 652.702
659.651, 548.26, 515.668, 649.418
28.2297, 553.973, 88.3369, 589.42
353.753, 559.977, 291.428, 627.376
422.411, 563.014, 337.453, 637.295
408.28, 563.255, 327.031, 635.915
399.955, 566.335, 322.669, 638.042
518.521, 568.919, 405.61, 651.441
263.045, 574.383, 231.048, 631.342
131.121, 579.044, 148.913, 622.95
222.001, 584.451, 205.806, 636.742
34.7617, 586.876, 93.3761, 621.253
254.892, 586.692, 226.475, 642.049
49.616, 587.591, 102.525, 623.339
125.968, 609.842, 146.335, 649.992
53.6549, 614.78, 105.525, 647.92
321.863, 23.2068, 262.779, 115.253
104.845, 24.8155, 123.921, 123.078
332.576, 29.3679, 270.676, 120.74
474.074, 29.384, 367.965, 115.977
729.892, 29.9206, 567.807, 105.627
838.893, 29.8647, 662.76, 99.7469
392.172, 34.4494, 310.672, 123.843
609.69, 35.161, 472.016, 115.958
437.992, 37.8894, 343.771, 124.725
66.1354, 39.6591, 104.311, 138.112
46.1438, 41.9653, 89.5918, 144.688
866.461, 46.9055, 687.258, 117.199
268.287, 50.9486, 228.258, 143.464
206.392, 52.1517, 189.147, 145.962
810.661, 53.1214, 637.385, 126.29
620.559, 60.176, 478.972, 141.547
183.474, 74.7364, 175.031, 167.096
612.593, 77.7304, 472.89, 159.834
894.377, 78.1007, 714.097, 151.664
173.04, 78.9206, 168.677, 171.506
616.206, 84.2105, 475.65, 165.919
526.349, 85.643, 407.447, 169.261
802.441, 85.6885, 631.504, 163.16
242.451, 87.5968, 211.599, 178.026
915.331, 88.7417, 732.623, 163.143
727.971, 89.8569, 567.181, 169.659
435.025, 91.1613, 340.732, 178.418
41.7418, 91.5342, 92.4019, 183.8
84.9868, 98.4853, 115.901, 190.242
611.217, 98.8604, 471.62, 181.858
842.368, 102.067, 666.074, 179.535
307.338, 106.608, 253.985, 194.321
599.386, 109.85, 462.265, 193.056
800.51, 109.909, 628.443, 189.168
135.022, 112.306, 145.587, 201.95
419.365, 113.095, 329.616, 199.394
912.987, 115.576, 731.519, 193.454
462.614, 115.933, 360.656, 200.993
448.448, 118.712, 350.406, 204.313
796.995, 119.353, 626.341, 199.687
506.09, 123.588, 392.033, 208.657
515.825, 125.315, 399.444, 210.336
652.8, 125.376, 504.775, 208.675
330.106, 126.535, 269.271, 213.492
387.631, 126.363, 308.303, 212.533
223.929, 127.068, 200.531, 214.855
315.159, 127.464, 259.129, 214.177
750.823, 127.439, 586.451, 209.326
681.313, 127.936, 528.236, 210.418
797.65, 128.976, 626.274, 209.96
392.737, 131.43, 311.554, 216.968
474.06, 131.663, 368.696, 216.488
227.556, 134.88, 203.014, 222.019
189.12, 139.234, 178.837, 225.877
569.187, 142.125, 439.989, 225.848
937.228, 141.847, 755.547, 223.07
215.102, 143.067, 194.677, 228.792
773.907, 143.356, 605.909, 226.107
293.239, 144.532, 244.364, 230.181
894.129, 144.692, 713.641, 226.146
663.181, 148.962, 513.184, 233.062
862.648, 151.794, 684.657, 235.076
577.199, 152.573, 445.853, 236.818
703.929, 155.43, 546.478, 239.717
574.507, 158.197, 443.46, 242.688
388.662, 160.016, 311.994, 243.762
337.973, 171.796, 274.857, 255.647
208.945, 172.837, 191.398, 256.743
590.026, 173.889, 455.508, 258.971
765.893, 175.625, 599.578, 261.286
777.32, 175.924, 608.971, 261.226
739.814, 177.69, 576.367, 263.334
254.626, 180.078, 222.447, 266.947
786.458, 183.347, 616.96, 269.667
745.992, 187.221, 582.616, 273.471
792.167, 188.679, 621.978, 275.606
346.03, 190.963, 279.972, 274.049
771.622, 191.774, 606.495, 275.079
792.014, 197.022, 622.506, 284.831
632.17, 203.435, 488.904, 289.874
208.384, 205.228, 191.15, 286.629
375.268, 204.976, 299.915, 287.975
358.709, 208.675, 288.842, 291.584
770.661, 211.99, 603.371, 300.825
662.452, 212.845, 513.56, 300.077
556.636, 214.398, 431.033, 299.936
525.739, 216.781, 407.542, 302.24
532.047, 221.81, 412.432, 306.968
278.267, 222.712, 235.821, 303.749
266.633, 229.016, 228.1, 309.746
759.31, 230.34, 594.416, 320.545
337.263, 233.632, 275.307, 314.983
691.694, 235.596, 538.282, 324.259
70.2766, 236.402, 108.427, 313.645
606.595, 247.145, 469.389, 334.091
800.633, 248.564, 630.072, 339.999
189.906, 249.017, 180.144, 326.224
543.191, 249.65, 420.683, 334.296
938.341, 253.707, 758.051, 350.484
679.194, 256.584, 527.416, 346.007
257.361, 258.047, 223.01, 336.157
655.192, 258.357, 508.185, 346.804
507.88, 260.385, 394.162, 344.856
898.419, 265.651, 719.894, 362.896
433.583, 266.212, 339.681, 348.886
740.204, 271.018, 579.109, 363.02
707.768, 271.899, 552.051, 362.646
177.425, 273.968, 172.393, 349.145
506.245, 277.232, 394.529, 361.857
190.053, 279.025, 181.039, 354.532
23.0427, 279.489, 81.9018, 349.772
181.675, 289.073, 175.924, 363.159
341.364, 292.384, 279.461, 371.405
598.603, 292.583, 464.677, 380.605
52.9996, 294.088, 99.6478, 363.557
835.868, 296.692, 663.487, 395.001
911.999, 298.367, 733.061, 400.219
399.956, 299.575, 320.668, 379.971
567.733, 303.988, 441.617, 390.954
132.888, 306.929, 146.586, 376.747
480.228, 310.015, 376.008, 393.428
650.44, 312.68, 505.855, 403.329
528.898, 313.189, 411.5, 398.079
720.732, 313.537, 563.006, 408.375
674.989, 313.857, 525.486, 405.716
823.704, 323.124, 653.411, 423.537
379.661, 323.701, 304.474, 402.46
699.243, 323.332, 545.083, 416.998
808.842, 325.668, 639.635, 425.677
206.336, 326.586, 188.949, 399.162
468.335, 326.98, 367.239, 409.846
629.968, 332.886, 489.293, 423.424
145.53, 337.119, 154.273, 405.84
629.197, 342.048, 488.588, 432.965
147.431, 344.315, 155.819, 412.069
28.3363, 344.383, 86.0899, 406.874
438.879, 344.292, 347.253, 425.596
168.703, 345.098, 168.956, 413.353
207.425, 347.587, 192.638, 417.273
546.942, 350.226, 424.878, 436.708
368.049, 353.867, 297.533, 430.692
599.866, 353.763, 465.677, 442.914
678.531, 353.956, 528.052, 448.136
576.462, 359.31, 447.736, 447.564
414.201, 361.105, 329.498, 440.797
534.965, 361.814, 416.318, 447.659
102.353, 367.773, 128.881, 430.887
634.13, 374.002, 491.951, 466.185
146.477, 380.535, 155.335, 444.915
236.921, 382.232, 211.628, 450.881
176.152, 383.387, 173.538, 448.791
805.109, 385.354, 636.587, 490.874
673.864, 394.811, 525.2, 490.676
237.199, 399.104, 211.862, 466.814
246.592, 399.127, 217.789, 467.352
613.995, 408.628, 477.846, 500.484
561.944, 408.938, 436.852, 496.915
701.4, 411.418, 547.882, 510.091
328.64, 416.275, 271.398, 487.942
609.479, 419.138, 474.301, 511.049
245.594, 419.581, 218.633, 486.305
747.94, 419.586, 587.536, 522.989
278.338, 423.981, 238.825, 492.546
52.0843, 428.397, 100.557, 482.532
767.824, 432.208, 605.064, 534.515
58.4818, 432.308, 103.773, 485.943
700.691, 432.491, 547.87, 532.478
83.7851, 433.035, 119.042, 489.092
168.964, 434.434, 169.614, 494.987
228.499, 435.114, 208.653, 499.445
488.718, 434.984, 383.36, 517.622
386.16, 436.113, 311.109, 510.479
838.8, 436.899, 666.811, 550.002
113.66, 443.299, 136, 499.858
681.947, 444.081, 532.478, 542.478
181.349, 445.019, 176.37, 505.277
95.5676, 449.395, 126.054, 503.589
305.892, 449.826, 256.651, 518.471
539.058, 451.986, 420.82, 538.604
483.235, 452.467, 379.136, 534.348
500.928, 457.125, 392.969, 540.713
53.5922, 461.531, 101.197, 512.061
216.115, 462.291, 199.253, 523.974
294.927, 462.502, 249.501, 529.504
762.046, 462.646, 599.31, 570.504
258.97, 463.901, 226.05, 528.19
401.492, 470.183, 323.399, 543.586
143.895, 471.768, 155.608, 526.835
162.324, 471.372, 166.583, 527.831
207.626, 473.369, 194.616, 533.497
355.734, 474.044, 291.897, 546.214
770.292, 473.75, 607.893, 583.127
784.329, 475.467, 619.162, 586.364
313.226, 476.211, 261.922, 544.749
837.509, 479.294, 666.642, 596.518
792.158, 481.961, 626.372, 594.213
108.066, 483.171, 133.42, 534.483
317.725, 487.094, 264.182, 554.646
246.735, 488.24, 218.874, 549.667
522.697, 488.566, 408.221, 573.822
558.135, 489.032, 435.718, 578.106
324.004, 490.288, 269.155, 558.154
728.052, 492.67, 571.011, 598.891
775.584, 492.912, 611.695, 604.659
370.838, 493.675, 299.923, 564.704
203.205, 495.792, 191.899, 553.652
297.261, 497.656, 251.453, 562.804
188.369, 498.91, 182.983, 554.705
441.705, 502.581, 349.995, 580.132
696.182, 502.901, 545.552, 606.356
814.482, 503.397, 645.923, 620.032
342.494, 504.621, 281.89, 573.597
162.079, 518.524, 166.927, 571.449
239.666, 522.758, 216.078, 580.341
433.65, 522.652, 344.292, 598.694
182.418, 529.788, 179.132, 582.724
188.342, 532.916, 183.3, 586.177
774.179, 534.5, 611.685, 648.986
357.367, 535.011, 293.261, 605.154
533.145, 537.654, 417.602, 624.343
571.976, 538.79, 446.837, 629.637
418.124, 539.674, 330.666, 612.693
118.794, 541.528, 140.338, 588.081
404.526, 541.65, 324.657, 614.583
450.178, 541.664, 357.638, 619.266
589.521, 543.34, 463.215, 635.388
257.303, 554.292, 227.192, 612.412
267.097, 555.387, 233.864, 614.179
523.478, 555.402, 410.463, 641.108
40.232, 562.936, 95.5001, 600.804
481.647, 567.133, 380.899, 647.893
489.846, 567.583, 387.065, 649.228
503.982, 567.483, 391.719, 649.181
524.089, 569.574, 411.855, 655.17
276.433, 570.44, 239.972, 629.058
504.349, 572.361, 396.944, 655.469
383.762, 573.395, 312.113, 643.441
315.212, 579.041, 265.45, 641.085
102.089, 587.952, 131.368, 627.553
359.153, 587.776, 295.76, 654.494
116.864, 608.952, 140.721, 648.048
35.9334, 617.274, 93.6279, 647.888
212.376, 30.8506, 192.647, 126.239
320.883, 34.4548, 262.096, 126.075
843.586, 33.9303, 664.918, 104.207
56.1862, 35.3717, 98.1175, 134.197
109.248, 35.9969, 130.242, 133.827
228.399, 37.0099, 202.738, 131.214
528.517, 41.1651, 406.989, 125.765
141.09, 53.4716, 148.747, 147.42
195.749, 55.9328, 182.094, 149.867
223.69, 64.0687, 199.963, 156.103
93.1124, 65.3486, 119.923, 160.419
325.012, 65.1637, 265.229, 155.05
647.543, 70.0985, 501.121, 150.722
616.462, 71.1745, 475.702, 152.976
32.1124, 75.8844, 84.8549, 170.935
900.064, 79.0653, 719.471, 152.216
806.278, 81.0044, 634.347, 157.772
454.466, 86.0351, 354.297, 171.866
56.1218, 92.4205, 98.9898, 185.162
499.79, 97.3469, 385.925, 182.263
857.903, 100.566, 680.981, 177.531
832.667, 101.854, 657.254, 179.957
751.889, 102.934, 586.314, 182.791
411.86, 105.453, 324.492, 191.613
828.011, 110.922, 653.31, 189.496
670.065, 113.608, 519.222, 196.004
845.838, 124.128, 669.561, 205.573
692.983, 128.786, 537.734, 211.662
597.721, 134.824, 461.883, 219.085
167.004, 140.355, 166.43, 227.576
43.4259, 141.201, 91.5117, 228.191
103.173, 140.837, 126.947, 227.928
809.51, 143.56, 636.555, 225.763
847.038, 144.936, 671.493, 227.47
25.3832, 147.311, 84.1008, 233.684
873.208, 152.083, 694.277, 235.187
503.306, 157.199, 390.144, 241.822
354.853, 161.012, 282.184, 245.157
180.645, 161.072, 174.395, 246.164
139.117, 166.215, 149.12, 250.636
410.89, 165.682, 324.1, 251.238
886.999, 166.341, 707.139, 251.083
303.083, 167.347, 251.684, 252.151
34.6761, 172.251, 89.4668, 256.258
643.405, 177.814, 496.834, 263.215
60.125, 178.541, 101.327, 261.584
715.771, 178.866, 557.138, 264.384
888.377, 186.793, 709.816, 274.003
203.448, 191.708, 188.409, 273.783
666.383, 193.571, 516.342, 279.678
811.295, 201.541, 639.42, 289.87
710.958, 209.367, 552.698, 296.921
50.7155, 212.692, 96.9606, 291.667
820.645, 212.939, 648.974, 301.798
622.182, 214.285, 485.623, 300.899
410.39, 215.339, 324.711, 298.69
79.9671, 218.892, 114.713, 298.595
740.066, 220.424, 580.578, 312.111
895.637, 224.691, 717.498, 316.717
114.71, 226.553, 134.541, 305.595
300.134, 234.046, 250.833, 314.132
573.697, 235.361, 444.553, 320.585
262.949, 240.143, 225.721, 319.456
445.022, 239.63, 348.653, 322.907
896.455, 241.377, 718.282, 335.466
554.557, 253.475, 428.877, 338.919
337.584, 257.716, 275.264, 338.22
195.086, 258.708, 184.402, 336.988
553.755, 259.329, 429.085, 345.43
618.082, 258.983, 479.404, 347.32
664.957, 260.471, 519.628, 346.09
429.809, 262.065, 338.475, 344.858
172.764, 264.55, 169.569, 340.11
98.9737, 272.016, 126.052, 344.076
188.62, 272.448, 179.879, 347.59
595.595, 273.03, 462.099, 361.272
293.583, 278.923, 246.312, 357.135
75.8769, 279.521, 112.433, 351.395
251.537, 285.648, 219.391, 362.136
193.131, 291.107, 183.171, 365.418
255.023, 299.952, 221.846, 375.098
537.649, 304.222, 418.137, 390.113
350.881, 305.822, 284.926, 384.317
84.4574, 306.777, 117.659, 375.919
82.568, 312.857, 116.476, 381.538
442.237, 313.909, 348.421, 395.959
238.376, 315.359, 211.897, 389.271
845.495, 316.957, 672.602, 418.132
84.2334, 318.601, 117.921, 386.533
261.824, 318.843, 227.647, 392.804
217.845, 328.243, 198.77, 399.202
472.41, 337.422, 370.249, 419.124
638.288, 347.953, 496.556, 440.732
787.06, 356.909, 621.821, 458.695
600.75, 361.553, 466.331, 452.312
431.627, 370.997, 341.786, 450.629
646.994, 376.729, 502.944, 470.079
578.128, 381.79, 449.594, 470.813
410.807, 383.301, 327.117, 461.633
493.729, 384.769, 385.855, 468.237
516.993, 399.367, 404.88, 484.103
294.662, 400.266, 248.29, 470.973
317.161, 402.741, 263.577, 474.503
52.8614, 419.828, 99.9743, 474.796
272.768, 422.954, 235.435, 491.707
453.655, 431.56, 357.977, 511.009
683.166, 438.442, 528.943, 535.016
96.8148, 443.342, 126.675, 498.547
670.548, 443.366, 523.289, 541.067
278.425, 455.162, 238.738, 521.231
96.6993, 460.572, 126.79, 513.228
308.107, 461.169, 258.387, 528.833
351.398, 470.204, 287.39, 540.867
693.014, 470.482, 542.092, 571.688
233.776, 475.869, 210.669, 536.989
428.678, 478.208, 340.611, 555.574
259.821, 480.378, 227.465, 543.688
349.338, 483.127, 285.87, 553.073
443.948, 482.613, 351.837, 560.867
49.0634, 488.006, 98.7332, 534.996
712.232, 488.43, 558.423, 593.335
502.008, 493.852, 393.638, 577.317
475.164, 497.967, 373.907, 578.767
975.485, 499.117, 795.067, 630.16
776.216, 501.035, 612.722, 613.693
711.837, 504.434, 557.714, 609.396
101.738, 505.121, 130.983, 554.027
745.597, 505.866, 586.694, 614.741
423.327, 508.281, 337.534, 584.662
613.479, 515.147, 476.803, 608.687
203.119, 522.886, 192.032, 578.536
271.293, 525.911, 235.084, 586.757
611.122, 528.987, 477.85, 623.859
820.333, 529.033, 648.127, 647.41
561.673, 531.089, 438.21, 620.648
127.904, 533.065, 147.23, 580.969
603.299, 535.92, 470.696, 630.094
453.298, 536.836, 358.583, 610.156
665.825, 542.31, 521.174, 644.333
719.182, 548.646, 564.284, 656.933
340.702, 552.555, 281.256, 618.789
169.881, 573.476, 173.348, 622.138
409.112, 584.856, 328.776, 651.478
84.4882, 587.013, 120.609, 625.547
139.595, 606.763, 154.396, 648.634
701.905, 29.2001, 543.978, 107.307
388.527, 29.8233, 308.037, 119.158
381.926, 33.7985, 300.537, 123.33
709.213, 40.1521, 549.723, 117.049
75.6406, 54.6467, 109.168, 151.589
608.833, 58.1204, 469.996, 139.876
666.194, 59.1282, 515.688, 138.858
592.147, 60.0173, 458.136, 142.687
404.305, 61.3388, 319.191, 149.289
45.9469, 65.9995, 92.6141, 159.928
56.7313, 74.3914, 99.0052, 168.391
887.557, 79.6165, 707.158, 153.56
233.187, 82.3734, 206.158, 173.061
477.855, 82.147, 371.149, 168.6
291.421, 83.2842, 243.111, 173.12
426.549, 96.121, 335.499, 183.03
566.97, 102.717, 437.496, 186.398
206.702, 131.622, 189.019, 219.06
691.182, 137.544, 536.096, 221.041
582.707, 157.308, 449.835, 242.338
390.964, 166.234, 309.716, 251.071
480.966, 170.206, 373.596, 255.089
63.7895, 172.715, 103.37, 256.037
291.851, 174.774, 244.722, 260.596
228.956, 179.023, 204.167, 262.623
745.178, 181.094, 581.088, 267.49
313.766, 187.893, 256.196, 272.559
695.036, 189.075, 539.235, 275.268
895.908, 198.887, 717.558, 288.029
393.8, 204.34, 311.923, 284.994
215.862, 204.801, 196.218, 285.585
499.58, 204.964, 388.237, 289.667
664.981, 207.866, 512.79, 291.375
897.594, 218.432, 718.906, 309.812
189.75, 223.416, 180.091, 302.867
888.979, 230.109, 711.666, 322.939
715.312, 232.015, 557.836, 321.198
535.165, 241.167, 415.464, 326.569
57.2908, 252.623, 100.977, 326.682
576.734, 254.298, 447.181, 340.336
897.261, 259.032, 719.193, 355.88
110.949, 260.234, 132.77, 335.413
204.607, 259.754, 190.596, 338.216
711.611, 259.512, 555.353, 350.724
736.291, 264.428, 575.512, 355.83
464.283, 267.631, 362.847, 350.977
393.753, 271.058, 313.527, 351.87
728.894, 271.061, 569.601, 362.354
780.164, 270.963, 613.179, 364.442
712.469, 287.042, 555.155, 379.891
459.929, 318.386, 359.955, 401.387
543.551, 327.046, 422.853, 413.016
704.632, 331.367, 549.387, 425.546
748.136, 332.107, 587.046, 430.243
418.003, 336.195, 331.993, 416.428
612.123, 349.357, 475.693, 439.154
355.327, 353.151, 289.325, 429.45
759.68, 353.79, 596.722, 453.42
781.76, 360.84, 615.905, 462.183
743.667, 373.003, 583.614, 473.17
80.3246, 378.208, 116.216, 439.555
886.066, 378.892, 710.185, 489.304
198.818, 381.2, 186.896, 447.57
64.9029, 389.763, 107.366, 449.114
636.337, 390.218, 495.238, 483.059
504.229, 395.153, 394.432, 479.908
343.383, 401.886, 279.392, 473.529
694.652, 405.29, 542.01, 502.76
661.477, 413.282, 515.922, 510.078
26.1166, 423.786, 85.2733, 477.082
575.363, 430.057, 448.015, 519.935
819.465, 440.489, 650.376, 552.114
521.293, 440.963, 407.576, 526.067
55.9608, 445.922, 102.189, 496.935
108.653, 451.133, 133.63, 505.893
160.913, 455.766, 165.035, 513.373
896.949, 456.312, 720.59, 577.435
196.653, 459.137, 186.778, 518.132
446.062, 461.068, 350.875, 539.454
496.75, 462.638, 388.883, 545.783
724.383, 468.982, 568.793, 573.656
390.946, 477.197, 314.374, 551.398
922.802, 498.124, 739.33, 623.431
745.843, 512.993, 586.497, 621.701
87.5393, 531.558, 122.73, 576.563
29.5637, 537.432, 89.8439, 576.563
437.553, 536.695, 346.44, 615.013
80.8911, 544.115, 118.574, 587.039
375.804, 571.244, 305.593, 639.777
193.579, 31.4653, 180.989, 127.033
656.063, 44.2948, 506.128, 123.857
574.446, 50.6071, 442.428, 132.614
845.047, 56.4935, 668.911, 128.956
499.551, 68.1521, 387.06, 153.271
666.283, 85.2251, 517.09, 167.368
661.059, 91.2882, 512.487, 172.721
841.584, 94.9464, 665.487, 171.828
486.874, 96.8839, 378.015, 181.937
690.616, 99.3371, 535.005, 180.113
420.042, 102.048, 331.007, 188.263
301.143, 142.586, 250.014, 229.144
712.358, 170.869, 553.181, 255.898
683.119, 202.657, 529.337, 289.805
351.53, 225.637, 284.962, 307.514
83.4226, 227.165, 115.713, 304.937
591.44, 267.787, 458.285, 355.165
676.048, 273.154, 527.253, 362.068
602.816, 284.299, 466.733, 372.738
316.886, 288.864, 261.983, 367.404
147.902, 294.712, 155.392, 367.488
258.654, 307.565, 224.724, 382.811
66.8853, 335.553, 108.072, 400.587
124.764, 335.422, 141.609, 403.09
700.865, 343.151, 546.648, 438.111
346.882, 375.07, 283.74, 449.876
444.646, 386.94, 350.27, 470.581
104.375, 390.951, 129.985, 452.865
869.273, 391.714, 695.037, 502.675
697.736, 418.163, 544.634, 514.676
756.202, 432.57, 594.726, 537.787
801.731, 442.078, 635.464, 552.055
587.366, 444.296, 456.212, 535.05
331.681, 459.151, 275.046, 526.392
396.975, 461.899, 318.867, 536.247
412.714, 493.768, 328.923, 568.52
740.925, 494, 583.355, 601.435
191.578, 513.766, 184.125, 568.011
688.658, 42.227, 533.798, 120.024
164.66, 49.2317, 162.379, 146.925
528.657, 79.6198, 409.977, 163.275
715.849, 100.543, 556.409, 181.104
256.185, 119.594, 219.808, 207.621
478.731, 143.598, 369.577, 226.617
511.603, 143.82, 396.386, 230.098
768.196, 184.597, 601.19, 269.499
363.312, 191.544, 291.194, 274.919
188.011, 205.482, 179.154, 290.581
204.202, 224.323, 190.567, 305.673
340.096, 224.812, 279.279, 305.643
38.0433, 231.468, 88.8282, 308.106
162.835, 232.412, 163.728, 311.952
870.192, 251.815, 693.929, 346.209
862.473, 262.189, 686.777, 357.98
349.997, 270.451, 284.619, 350.737
738.495, 334.535, 579.841, 430.611
742.556, 381.581, 581.709, 481.979
506.463, 387.725, 396.599, 470.862
845.565, 402.743, 668.11, 510.237
376.156, 468.373, 302.526, 540.32
156.845, 490.135, 161.322, 547.083
327.817, 521.52, 271.817, 589.835
113.316, 537.155, 135.834, 584.163
298.639, 572.907, 252.787, 633.043
42.0651, 624.618, 96.6043, 655.609
87.8954, 78.2089, 116.353, 172.458
577.38, 143.71, 445.076, 230.633
702.372, 146.469, 544.215, 230.744
317.223, 149.796, 259.174, 236.179
161.109, 186.432, 161.54, 268.74
366.11, 230.771, 292.009, 310.305
670.767, 252.937, 518.744, 342.477
551.864, 305.663, 428.8, 391.584
204.25, 334.52, 192.605, 404.98
809.923, 341.055, 636.517, 442.892
508.739, 366.328, 396.861, 449.766
887.33, 396.277, 711.4, 508.903
708.946, 412.117, 556.914, 511.086
401.782, 449.275, 320.343, 523.859
101.282, 482.775, 128.609, 536.55
541.274, 504.426, 425.473, 586.275
619.495, 109.047, 477.147, 191.321
812.609, 428.532, 645.594, 537.637
571.359, 504.385, 447.684, 593.902
698.217, 54.6568, 543.164, 132.338
511.901, 332.63, 402.024, 419.574
219.298, 246.547, 198.65, 326.197
