367.334, 23.0668, 331.425, 58.7568
65.1366, 23.304, 78.3668, 64.1685
706.705, 24.3915, 638.063, 53.5836
586.404, 24.9305, 525.674, 56.7058
824.605, 25.1032, 750.084, 52.1084
213.66, 26.0113, 200.581, 64.012
801.641, 26.5114, 728.093, 53.8162
570.598, 27.2037, 511.344, 58.8427
576.956, 28.3541, 517.389, 59.8856
202.541, 30.7976, 191.387, 68.5556
761.953, 31.612, 689.887, 59.8627
129.776, 31.7334, 130.993, 70.7066
276.821, 32.0483, 253.892, 68.579
513.563, 32.5623, 459.869, 65.3692
757.103, 33.056, 685.41, 61.2501
89.8466, 34.5103, 98.2879, 73.5307
866.31, 36.3914, 790.983, 62.4842
630.511, 37.1965, 567.208, 68.0604
561.287, 37.4403, 503.144, 69.3946
571.167, 37.54, 511.968, 69.3406
552.706, 38.6443, 495.498, 70.5977
602.681, 39.3651, 541, 70.4833
469.092, 41.5016, 420.168, 74.4831
523.595, 42.6646, 468.898, 74.7358
106.44, 42.7197, 112.383, 81.3101
770.592, 43.1954, 698.322, 71.7108
678.087, 43.4655, 611.016, 73.3559
702.356, 43.2961, 633.419, 72.5035
222.254, 43.9841, 207.615, 80.9568
445.176, 43.8484, 398.989, 77.2938
390.446, 45.4145, 351.987, 79.3261
235.978, 46.5259, 219.374, 83.0881
345.217, 46.445, 312.479, 81.5356
423.612, 46.3833, 380.065, 80.1092
365.15, 48.7739, 329.876, 83.3175
208.936, 49.3276, 196.79, 86.0863
174.211, 50.8468, 168.708, 86.2962
272.341, 51.191, 250.243, 86.9977
876.412, 51.4233, 801.228, 77.899
421.145, 52.1951, 378.744, 86.3031
114.164, 54.1415, 118.212, 91.6327
887.398, 53.9493, 811.487, 80.4262
319.501, 55.517, 289.797, 90.4813
171.161, 55.8468, 165.398, 92.5928
555.745, 56.1346, 498.183, 87.7002
199.418, 56.6524, 188.852, 93.038
916.094, 56.3209, 840.388, 82.4111
764.959, 57.3266, 692.496, 85.656
785.947, 58.1671, 712.596, 86.1871
329.575, 58.5952, 298.997, 93.4132
831.598, 58.3529, 757.026, 85.6377
397.478, 59.0747, 357.632, 92.6
730.952, 58.995, 660.465, 87.9972
722.305, 59.8328, 652.315, 89.0214
843.535, 59.8202, 769.709, 86.9491
459.364, 60.6472, 411.777, 93.5497
655.148, 61.115, 589.862, 91.276
165.536, 61.7265, 161.604, 97.8198
609.438, 61.3144, 544.028, 91.5525
783.392, 61.2884, 710.809, 89.3888
727.604, 62.2057, 657.275, 91.2719
49.8668, 62.3836, 66.673, 99.1639
211.138, 62.4023, 198.422, 98.5515
371.289, 63.1549, 334.47, 97.0327
843.494, 63.0773, 769.188, 90.7802
789.564, 63.6349, 716.555, 91.7349
191.019, 64.1921, 181.98, 100.332
600.092, 67.4505, 538.722, 97.9475
792.647, 67.8293, 720.017, 96.2445
728.995, 67.7585, 658.656, 96.6857
162.291, 69.5605, 158.448, 105.659
475.842, 69.9072, 426.787, 102.182
393.641, 73.5611, 354.014, 106.905
454.797, 73.4001, 408.304, 105.932
505.234, 74.1813, 452.714, 106.201
762.494, 74.3056, 690.544, 102.949
794.178, 74.3698, 721.107, 102.636
458.676, 75.3379, 411.369, 107.902
799.95, 78.2995, 726.648, 106.459
609.096, 78.8344, 546.754, 109.466
627.804, 79.1297, 563.914, 109.407
412.511, 80.7322, 370.863, 113.463
163.304, 82.0186, 159.522, 117.344
146.679, 82.5756, 145.693, 117.867
716.049, 83.5484, 646.568, 112.833
762.881, 83.6344, 690.986, 112.278
771.455, 84.0173, 699.176, 112.611
726.067, 85.179, 656.323, 114.609
156.925, 85.5292, 154.25, 120.678
353.047, 85.5413, 319.25, 119.187
659.385, 85.4785, 593.802, 115.51
139.239, 86.6899, 140.024, 122.165
624.573, 87.5982, 561.117, 117.929
218.812, 87.8651, 205.313, 122.62
880.291, 88.0961, 800.305, 114.045
759.663, 88.588, 687.855, 117.652
184.135, 88.8789, 177.26, 123.752
882.972, 90.0058, 807.844, 117.452
784.43, 91.1862, 711.805, 119.766
831.598, 91.4185, 757.348, 119.502
403.311, 92.6701, 363.043, 125.081
752.336, 92.5993, 680.887, 121.91
689.41, 92.8712, 621.442, 122.294
585.249, 93.5457, 524.615, 123.909
49.7678, 93.9131, 67.0657, 129.474
323.563, 94.645, 293.781, 127.777
812.748, 94.3603, 739.104, 122.567
756.39, 95.3726, 684.924, 124.471
513.383, 95.9069, 460.071, 127.118
594.521, 96.1163, 533.994, 126.779
664.55, 96.0282, 598.402, 125.858
506.647, 96.6356, 454.171, 127.918
354.807, 98.8123, 321.008, 131.612
339.36, 100.11, 307.901, 132.825
399.548, 103.032, 359.992, 135.146
390.181, 105.379, 351.8, 137.383
757.997, 105.374, 686.236, 134.253
689.324, 106.257, 621.548, 135.739
249.916, 107.802, 231.508, 140.846
547.566, 109.012, 490.826, 139.652
631.632, 109.311, 567.456, 139.495
804.383, 113.986, 731.613, 142.425
178.343, 114.36, 172.015, 147.712
207.844, 115.402, 196.149, 148.538
837.884, 115.528, 763.264, 144.003
674.381, 115.867, 607.054, 145.482
386.042, 117.559, 347.974, 149.19
423.551, 117.562, 380.087, 148.249
110.986, 118.669, 116.626, 151.806
325.816, 120.515, 296.13, 152.445
444.222, 120.415, 398.903, 151.81
540.515, 120.459, 484.743, 150.893
612.081, 121.99, 549.948, 152.163
798.859, 122.468, 725.225, 151.364
562.395, 122.904, 504.887, 153.221
599.937, 123.415, 538.603, 153.616
557.549, 123.874, 499.852, 154.386
498.532, 125.117, 447.155, 155.811
605.577, 124.916, 543.703, 154.735
376.986, 126.442, 340.43, 158.028
398.483, 127.385, 358.634, 158.547
476.45, 127.331, 427.215, 158.372
421.896, 130.582, 378.964, 161.514
614.187, 130.841, 551.959, 160.652
67.7409, 131.448, 81.5843, 164.185
162.297, 134.967, 157.254, 166.683
333.714, 135.427, 302.759, 166.732
749.186, 135.796, 677.866, 165.124
889.257, 135.962, 813.434, 160.696
245.821, 138.448, 227.849, 169.98
238.163, 139.538, 222.487, 171.405
403.008, 140.384, 362.703, 171.221
552.643, 142.473, 495.548, 172.557
765.392, 145.163, 693.303, 174.266
676.617, 146.345, 609.079, 175.57
47.9531, 146.933, 66.4997, 177.363
74.1385, 147.395, 87.0099, 179.508
244.02, 147.31, 226.57, 178.445
689.996, 147.976, 622.231, 177.464
292.68, 149.27, 267.584, 180.061
720.549, 149.044, 650.763, 178.462
591.09, 149.525, 530.81, 179.476
652.77, 149.647, 587.526, 179.39
547.491, 150.241, 490.962, 180.412
324.419, 151.664, 294.854, 182.514
157.201, 152.813, 154.735, 183.571
635.671, 153.02, 571.333, 182.69
747.516, 153.503, 676.043, 182.989
375.962, 154.241, 339.098, 184.456
643.46, 155.661, 578.687, 185.218
298.748, 156.386, 273.341, 186.522
650.374, 156.399, 585.061, 185.999
492.77, 157.059, 441.575, 186.979
601.993, 158.139, 540.577, 187.618
424.555, 158.546, 381.579, 188.611
430.636, 159.768, 386.676, 189.827
192.012, 160.339, 183.368, 190.691
333.362, 160.998, 302.388, 191.27
506.74, 161.01, 454.671, 190.575
235.584, 163.347, 219.745, 193.584
284.677, 164.041, 261.196, 194.186
741.393, 165.293, 670.32, 194.892
45.9815, 166.64, 65.1572, 194.611
265.652, 166.31, 245.394, 196.801
62.302, 167.642, 77.9864, 197.508
454.179, 167.566, 407.677, 196.895
528.766, 168.784, 473.883, 198.629
927.66, 168.629, 851.37, 197.627
613.923, 169.731, 551.273, 198.972
477.374, 171.813, 428.388, 201.344
539.209, 172.311, 483.211, 201.835
24.5256, 172.3, 46.6956, 202.159
546.013, 173.068, 488.966, 202.799
834.29, 174.009, 759.915, 203.555
556.764, 174.299, 499.389, 204.117
713.085, 175.11, 643.612, 204.644
415.897, 175.97, 374.07, 205.768
823.345, 175.864, 748.959, 205.392
336.352, 176.999, 305.517, 206.325
720.009, 177.696, 649.911, 207.414
877.02, 177.903, 801.549, 207.503
594.046, 178.375, 533.139, 207.492
478.427, 179.353, 428.967, 208.54
28.416, 180.124, 50.0063, 209.341
386.271, 179.906, 348.018, 209.081
400.697, 179.987, 360.688, 209.35
471.833, 180.155, 422.905, 209.321
837.783, 180.004, 763.597, 209.218
760.196, 181.067, 688.416, 210.614
629.506, 182.395, 565.917, 211.703
136.013, 184.325, 137.34, 213.444
480.359, 185.429, 430.843, 214.606
386.117, 187.001, 347.782, 216.135
521.649, 187.058, 467.737, 216.419
597.379, 187.061, 536.417, 216.322
273.277, 187.52, 251.31, 216.391
333.112, 188.435, 302.717, 217.452
250.889, 189.608, 232.793, 218.574
278.889, 190.6, 256.404, 219.202
503.295, 190.863, 451.408, 220.476
838.689, 190.656, 764.404, 220.905
266.581, 190.871, 246.143, 219.337
118.512, 192.5, 123.028, 220.777
743.573, 193.278, 672.691, 222.624
444.126, 194.276, 398.908, 223.184
117.46, 195.087, 122.1, 223.214
208.465, 195.089, 197.07, 223.211
661.469, 195.056, 595.396, 224.281
654.192, 196.287, 589.042, 225.593
487.741, 197.086, 437.415, 226.017
70.3362, 197.445, 84.2749, 225.425
432.229, 198.187, 388.268, 226.888
771.588, 198.601, 698.995, 228.351
687.085, 199.7, 619.247, 229.169
149.184, 201.338, 149.169, 229.536
436.321, 200.839, 391.938, 229.582
854.085, 200.946, 779.131, 230.882
398.404, 201.225, 359.034, 229.891
547.94, 202.913, 491.421, 231.518
622.085, 202.982, 558.943, 232.068
679.101, 203.165, 612.226, 232.856
140.464, 206.407, 143.505, 233.565
741.912, 206.382, 671.258, 235.664
781.144, 207.232, 708.72, 237.015
773.608, 208.903, 700.895, 238.593
645.202, 209.314, 580.535, 238.459
687.377, 210.381, 619.757, 239.726
197.173, 210.873, 187.959, 238.244
163.192, 211.467, 160.318, 238.623
539.042, 212.209, 483.481, 240.488
652.135, 211.833, 587.109, 241.152
267.375, 212.398, 246.55, 240.024
200.363, 214.454, 190.88, 241.783
166.543, 216.176, 162.57, 243.208
577.446, 216.406, 518.452, 245.074
449.405, 217.881, 403.486, 245.968
274.5, 219.459, 252.812, 246.784
370.766, 219.463, 335.007, 247.091
377.603, 219.293, 341.342, 246.956
185.132, 220.493, 178.194, 247.32
223.081, 220.307, 209.375, 247.15
95.9973, 221.443, 104.943, 248.05
549.351, 223.074, 492.85, 251.175
742.025, 222.993, 672.063, 252.797
221.928, 223.352, 208.784, 249.98
707.147, 224.516, 638.62, 253.969
420.045, 228.473, 377.826, 256.004
833.858, 231.189, 759.987, 261.404
919.684, 233.065, 844.214, 264.083
191.215, 233.519, 183.054, 259.094
100.665, 235.154, 109.083, 260.417
524.391, 234.878, 470.271, 262.911
820.935, 234.92, 747.104, 265.458
514.955, 236.055, 462.046, 264.054
704.356, 235.835, 635.836, 265.182
509.926, 237.067, 456.919, 264.899
723.59, 236.833, 653.963, 266.441
349.79, 237.61, 317.517, 264.44
547.008, 237.398, 490.229, 263.177
558.765, 237.374, 501.551, 265.588
737.349, 237.976, 667.058, 267.785
745.765, 238.224, 675.21, 267.893
756.706, 238.141, 685.059, 267.968
297.43, 238.643, 272.49, 264.922
838.801, 239.147, 764.482, 270.017
698.122, 239.978, 629.908, 269.439
645.36, 241.628, 580.313, 270.685
689.937, 242.084, 622.548, 271.344
82.645, 242.453, 94.4239, 267.033
465.707, 243.561, 417.948, 270.741
319.066, 243.902, 289.927, 270.125
353.167, 244.177, 320.41, 270.699
564.969, 243.965, 506.912, 272.076
150.036, 244.593, 149.713, 269.491
530.6, 245.013, 475.997, 272.628
404.596, 246.171, 364.652, 272.971
120.008, 246.51, 124.395, 271.15
281.643, 246.736, 258.7, 272.549
781.117, 246.997, 708.83, 277.026
179.006, 247.44, 173.37, 272.281
74.6119, 248.542, 88.3795, 272.734
137.743, 249.235, 139.46, 273.923
268.65, 252.045, 247.894, 277.548
821.984, 252.229, 748.032, 282.598
763.023, 253.095, 691.076, 283.097
382.318, 253.412, 346.333, 278.041
714.853, 253.422, 645.924, 282.881
621.987, 254.506, 559.307, 282.903
342.943, 255.152, 311.383, 280.733
736.532, 258.083, 666.046, 287.622
856.452, 259.591, 782.444, 290.42
250.381, 260.44, 232.798, 285.342
728.042, 260.572, 658.428, 290.115
413.856, 263.487, 377.015, 289.933
536.856, 263.759, 481.824, 291.402
694.45, 263.271, 626.582, 292.621
638.469, 264.032, 574.506, 292.521
600.825, 264.462, 539.946, 292.724
761.629, 264.604, 689.698, 294.591
770.96, 264.75, 698.921, 294.894
574.637, 265.668, 515.984, 293.492
86.4735, 267.019, 97.6007, 289.916
46.7088, 267.654, 65.9363, 289.962
155.215, 267.644, 153.853, 291.008
297.421, 268.366, 272.623, 293.02
786.65, 268.654, 713.703, 298.733
524.628, 269.115, 471.072, 296.354
771.347, 270.259, 699.373, 300.368
421.094, 270.542, 379.413, 296.551
107.107, 271.081, 114.807, 293.867
60.8914, 272.127, 77.385, 294.366
74.2005, 273.776, 87.8761, 295.954
212.023, 273.935, 200.615, 297.218
150.215, 274.542, 150.083, 297.877
762.913, 274.595, 691.244, 304.747
36.3765, 274.999, 57.7891, 297.141
739.727, 275.208, 669.267, 305.029
259.226, 276.418, 240.919, 301.022
355.513, 277.14, 322.576, 302.552
476.137, 277.559, 431.226, 305.659
311.074, 279.368, 284.218, 303.776
389.904, 280.448, 352.055, 305.422
153.708, 280.889, 152.78, 303.6
760.372, 281.342, 687.84, 308.126
720.717, 281.825, 651.643, 310.954
106.735, 284.805, 114.408, 305.96
648.092, 285.302, 583.618, 313.336
398.522, 286.086, 359.569, 311.319
511.21, 286.138, 459.042, 312.407
287.989, 286.637, 264.615, 310.332
619.411, 287.057, 556.938, 315.228
519.088, 287.567, 466.418, 314.212
130.207, 287.959, 136.379, 309.08
615.357, 288.267, 553.162, 316.403
610.557, 288.797, 548.664, 316.862
720.27, 288.296, 649.937, 317.92
34.5912, 291.41, 56.3275, 311.816
794.938, 291.328, 721.973, 321.781
602.896, 291.883, 542.343, 319.505
713.851, 292.41, 644.785, 321.784
762.936, 292.423, 691.475, 322.708
630.227, 293.061, 567.285, 320.939
452.545, 295.178, 406.763, 320.892
535.08, 295.119, 480.707, 321.823
825.334, 295.483, 751.46, 326.429
32.8726, 296.883, 55.9187, 317.763
464.04, 296.571, 417.023, 322.455
568.34, 296.471, 510.855, 323.606
795.763, 296.659, 723.045, 327.012
870.969, 298.157, 795.914, 330.042
364.872, 301.732, 329.591, 328.317
863.326, 302.067, 788.464, 334.31
591.272, 302.625, 531.692, 330.234
238.326, 303.506, 222.996, 325.698
747.443, 303.502, 676.515, 333.213
856.064, 304.53, 781.047, 336.251
688.457, 305.022, 621.351, 334.004
680.578, 305.687, 614.106, 334.121
802.45, 307.692, 729.169, 338.38
866.513, 308.059, 791.847, 339.83
817.559, 309.287, 743.892, 340.195
290.419, 310.009, 266.929, 332.532
537.638, 310.304, 482.856, 336.568
576.372, 311.175, 518.082, 338.155
659.644, 311.274, 594.311, 339.904
708.341, 311.558, 639.859, 340.982
865.065, 311.372, 790.124, 343.306
119.312, 311.832, 125.02, 331.994
29.7772, 313.419, 52.4897, 331.88
190.087, 314.093, 183.327, 335.039
437.304, 313.991, 393.783, 338.692
796.323, 313.936, 723.619, 344.866
47.0207, 315.936, 66.2659, 334.262
526.822, 316.708, 473.343, 342.686
473.965, 318.327, 426.526, 343.293
614.774, 318.11, 553.023, 345.506
452.199, 320.02, 406.928, 344.534
158.959, 320.584, 157.583, 340.402
857.532, 321.338, 783.189, 353.203
625.666, 321.819, 563.006, 349.491
562.567, 322.702, 505.826, 349.065
516.124, 323.202, 463.962, 349.372
830.377, 322.822, 756.818, 354.367
133.393, 323.783, 137.48, 343.162
414.82, 323.712, 374.604, 347.68
403.584, 324.176, 364.515, 347.819
575.884, 324.292, 517.56, 350.923
715.93, 325.473, 646.973, 354.816
68.6141, 326.36, 83.5533, 344.686
613.567, 328.46, 552.104, 355.939
548.551, 329.88, 492.907, 355.779
267.283, 332.837, 247.494, 353.636
460.565, 333.575, 414.405, 358.08
543.483, 342.418, 488.18, 367.957
680.276, 343.056, 613.453, 371.098
110.884, 344.638, 118.318, 362.026
163.119, 345.226, 161.243, 363.471
283.584, 345.909, 261.634, 366.321
417.999, 347.196, 377.435, 370.287
511.186, 348.596, 460.12, 373.554
843.691, 348.533, 769.615, 380.621
661.948, 349.025, 596.332, 377.147
247.69, 349.907, 231.446, 369.876
715.168, 349.946, 644.839, 378.798
146.21, 350.745, 147.453, 368.513
680.554, 350.364, 613.65, 378.875
57.6851, 351.113, 75.4321, 367.296
669.747, 350.946, 603.609, 379.225
674.879, 351.329, 608.116, 379.668
825.385, 351.368, 751.846, 383.163
550.153, 352.608, 494.527, 378.395
288.009, 352.965, 265.369, 373.416
414.312, 353.142, 374.041, 376.042
378.536, 353.585, 342.94, 375.677
919.64, 354.141, 844.003, 388.164
531.133, 354.422, 477.345, 379.27
325.088, 356.77, 296.952, 377.505
352.581, 360.227, 320.356, 381.48
902.065, 359.969, 826.551, 393.871
381.326, 360.847, 345.105, 382.445
235.359, 363.19, 221.078, 383.417
520.7, 366.009, 467.747, 392.769
744.856, 366.109, 674.391, 396.203
678.524, 367.171, 612.147, 395.594
570.116, 371.073, 512.6, 396.509
105.953, 372.304, 114.737, 387.658
374.536, 372.362, 339.364, 393.292
146.37, 373.044, 152.271, 389.541
779.062, 373.093, 706.903, 403.784
128.128, 373.462, 133.114, 388.277
167.938, 373.624, 165.83, 391.409
216.926, 373.554, 205.983, 391.345
601.973, 373.712, 541.368, 399.957
572.084, 374.185, 514.079, 399.628
564.066, 374.415, 507.186, 399.963
74.4249, 375.039, 89.0991, 389.931
767.382, 374.953, 695.859, 405.571
534.065, 375.402, 480.061, 400.158
414.336, 376.163, 374.469, 397.849
449.902, 376.099, 405.103, 398.898
588.419, 375.808, 528.922, 401.727
772.478, 375.844, 700.503, 406.665
579.486, 377.597, 521.152, 403.343
728.817, 378.327, 659.444, 407.685
489.701, 379.2, 440.472, 402.515
230.62, 379.765, 216.016, 396.999
258.946, 379.817, 241.15, 398.111
516.855, 380.571, 464.633, 404.511
342.561, 381.32, 312.012, 400.927
336.537, 382.133, 306.717, 401.534
636.139, 383.473, 572.738, 410.416
653.989, 383.298, 589.196, 410.35
788.855, 383.434, 716.346, 414.337
689.324, 384.321, 622.199, 412.672
714.025, 384.848, 644.863, 413.799
810.632, 385.477, 737.581, 417.181
881.963, 385.485, 807, 418.987
675.835, 387.174, 609.64, 415.224
412.618, 388.583, 372.693, 409.855
148.883, 388.973, 149.088, 404.317
774.985, 389.134, 702.686, 419.947
386.325, 390.145, 349.66, 410.828
783.948, 389.823, 711.47, 420.988
402.494, 393.225, 363.91, 413.97
832.003, 394.771, 757.851, 426.822
904.494, 396.965, 828.003, 431.094
300.645, 401.122, 276.632, 419.139
585.299, 401.035, 525.985, 426.442
897.428, 401.182, 819.136, 434.883
385.146, 401.96, 351.622, 422.029
334.573, 405.168, 305.878, 423.93
464.468, 406.176, 418.015, 427.649
342.227, 406.566, 312.485, 425.06
103.833, 409.139, 112.707, 421.776
434.236, 409.706, 391.475, 430.6
279.362, 410.877, 258.831, 430.454
712.56, 411.21, 643.525, 440.069
741.461, 410.757, 671.233, 440.586
148.025, 412.061, 149.342, 425.65
626.601, 413.131, 564.163, 439.536
637.752, 413.075, 574.43, 439.841
46.8673, 415.661, 66.7669, 426.57
613.089, 415.841, 551.902, 441.744
569.166, 416.946, 512.42, 441.051
898.981, 417.072, 823.07, 451.803
99.9382, 417.473, 111.318, 430.942
845.166, 417.454, 770.599, 450.444
214.98, 417.866, 204.498, 432.63
236.486, 418.56, 222.363, 432.924
453.878, 420.402, 408.998, 441.206
138.068, 421.991, 141.311, 434.46
263.84, 422.052, 245.162, 437.636
414.355, 421.906, 374.6, 441.781
765.581, 422.417, 693.976, 452.698
463.57, 422.984, 417.402, 444.184
330.951, 423.683, 301.957, 441.487
114.413, 424.463, 122.664, 436.571
352.108, 426.255, 320.91, 444.082
613.601, 426.924, 551.224, 448.988
224.392, 427.955, 213.018, 444.727
374.728, 428.363, 340.307, 446.784
260.096, 429.081, 242.772, 444.571
288.908, 432.065, 266.912, 447.896
433.513, 432.106, 391.217, 451.987
492.426, 432, 443.126, 453.398
612.984, 432.03, 551.967, 457.384
865.718, 432.209, 788.003, 464.337
420.764, 432.394, 379.632, 451.904
445.406, 432.818, 401.179, 452.924
744.918, 437.774, 674.496, 467.621
318.935, 438.515, 292.237, 455.404
587.931, 439.506, 529.092, 464.212
402.281, 441.676, 363.905, 460.543
258.674, 442.477, 240.87, 456.806
632.356, 443.306, 569.359, 468.984
221.883, 444.483, 209.411, 456.152
716.579, 445.903, 648.354, 474.649
93.3884, 446.599, 104.466, 455.797
242.172, 447.581, 227.454, 461.253
191.047, 448.482, 185.378, 460.719
653.932, 448.256, 587.67, 473.207
149.291, 449.366, 150.89, 460.23
269.707, 449.456, 250.332, 463.588
850.306, 449.552, 775.485, 483.14
860.211, 451.119, 784.901, 485.204
219.777, 451.888, 208.816, 464.732
906.038, 453.451, 830.44, 489.021
346.885, 454.299, 315.913, 470.572
213.235, 455.671, 204.09, 467.986
526.075, 460.38, 473.176, 482.343
534.449, 460.352, 480.347, 482.665
549.417, 460.284, 494.04, 482.991
339.504, 461.612, 313.898, 475.823
586.051, 461.683, 527.049, 485.7
766.915, 461.618, 695.207, 492.125
611.2, 462.152, 550.34, 487.121
232.368, 462.227, 219.464, 474.759
404.679, 462.998, 366.101, 480.931
551.923, 462.987, 496.507, 485.912
667.52, 463.118, 602.598, 489.915
519.63, 463.944, 467.174, 485.818
351.713, 464.426, 320.394, 480.552
657.574, 464.657, 593, 491.555
266.181, 465.708, 247.536, 479.575
631.921, 465.868, 569.528, 491.461
131.351, 468.662, 136.006, 477.473
749.689, 469.214, 679.07, 498.915
669.869, 469.945, 604.736, 496.94
676.959, 470.712, 611.233, 497.746
779.242, 472.05, 707.458, 503.034
616.816, 472.709, 555.804, 497.448
414.47, 473.11, 374.757, 491
216.059, 473.667, 205.925, 485.1
844.064, 475.206, 769.832, 508.796
261.813, 476.098, 244.1, 488.709
885.049, 476.143, 809.358, 511.323
567.889, 477.031, 511.145, 500.376
37.0913, 480.015, 60.0512, 484.999
502.689, 480.334, 452.204, 500.847
556.493, 482.369, 500.271, 504.845
397.944, 483.739, 360.329, 500.399
67.9454, 485.484, 84.3966, 490.999
429.685, 486.055, 387.781, 504.118
518.768, 485.429, 466.153, 503.478
158.978, 486.522, 158.041, 494.436
467.619, 486.554, 421.285, 505.732
752.009, 486.571, 681.655, 516.101
542.435, 487.389, 487.817, 509.163
221.36, 488.204, 210.422, 498.732
410.067, 487.976, 370.831, 504.916
344.059, 489.066, 313.569, 503.767
505.828, 488.951, 453.427, 509.219
527.017, 490.175, 473.841, 511.639
635.977, 489.865, 573.232, 514.37
490.757, 490.607, 442.152, 510.462
391.569, 491.111, 354.531, 507.236
448.198, 491.543, 404.479, 509.512
303.929, 492.181, 279.08, 507.433
594.341, 492.213, 534.948, 515.908
590.355, 492.981, 531.414, 516.364
322.862, 494.235, 295.966, 507.659
782.665, 494.26, 710.59, 525.251
616.531, 496.213, 555.358, 520.611
637.018, 496.689, 574.284, 521.868
53.9955, 497.221, 74.0982, 501.714
833.627, 497.233, 758.83, 527.694
256.383, 498.95, 239.502, 509.878
467.651, 498.973, 421.231, 517.538
589.01, 499.185, 530.364, 522.435
84.9882, 499.922, 98.9098, 505.134
250.549, 501.367, 234.551, 511.915
744.987, 501.493, 676.486, 528.768
793.601, 501.863, 721.449, 533.572
422.108, 503.105, 381.642, 519.996
732.068, 504.051, 663.126, 533.026
855.469, 504.586, 780.984, 538.736
752.132, 505.098, 677.92, 533.417
82.6557, 505.621, 98.131, 510.73
296.343, 506.119, 272.482, 517.952
249.431, 507.468, 234.227, 517.545
728.924, 507.978, 659.703, 536.607
753.805, 508.023, 683.36, 537.694
660.244, 509.137, 595.612, 534.89
541.053, 510.505, 486.958, 531.597
293.439, 511.534, 271.516, 523.053
615.773, 512.441, 554.698, 536.704
205.45, 514.503, 197.262, 522.852
758.988, 514.647, 687.823, 544.759
564.965, 515.477, 508.728, 537.551
580.039, 515.896, 521.906, 538.33
320.198, 517.526, 293.763, 529.548
358.987, 517.483, 326.976, 531.282
657.325, 519.118, 592.959, 544.687
40.8567, 520.212, 63.5564, 522.076
146.692, 520.73, 149.341, 526.418
207.604, 521.228, 199.243, 528.838
581.978, 521.666, 524.137, 543.978
673.949, 522.424, 608.103, 548.913
735.043, 522.527, 665.458, 551.431
652.425, 523.035, 588.335, 548.278
447.747, 524.095, 404.181, 540.829
772.493, 523.92, 701.074, 554.698
760.233, 524.921, 689.473, 554.799
97.5727, 525.991, 109.446, 529.565
237.613, 526.619, 223.921, 535.139
147.598, 527.595, 150.027, 532.999
742.812, 527.404, 672.925, 556.836
275.611, 528.29, 257.022, 538.394
195.448, 528.89, 189.43, 535.9
211.249, 530.452, 204.269, 540.881
369.354, 530.894, 340.141, 544.414
697.195, 531.071, 629.983, 558.74
409.521, 531.517, 370.692, 546.513
321.777, 532.704, 295.337, 544.086
244.801, 532.802, 229.012, 540.632
611.967, 533.2, 551.449, 556.662
799.379, 533.091, 727.009, 564.859
383.27, 533.314, 347.853, 546.963
746.007, 534.348, 675.843, 563.847
135.462, 535.986, 140.409, 540.06
264.048, 535.796, 246.321, 544.686
388.547, 536.526, 352.938, 550.517
785.472, 537.053, 713.113, 568.302
167.471, 538.104, 168.798, 544.086
219.319, 537.929, 209.053, 545.148
175.031, 539.473, 172.519, 544.907
623.603, 541.974, 561.716, 565.716
472.467, 542.525, 425.97, 559.487
51.4224, 545.333, 72.1841, 545.591
737.895, 546.153, 668.101, 575.093
556.102, 546.645, 500.776, 568.545
732.909, 546.73, 663.204, 575.327
430.171, 547.98, 388.69, 563.129
343.464, 548.446, 313.442, 559.709
595.728, 550.004, 536.571, 572.464
120.199, 550.404, 127.671, 552.984
648.846, 550.95, 584.793, 575.854
317.956, 554.323, 291.923, 563.022
131.932, 556.861, 137.499, 559.229
326.538, 557.649, 299.384, 567.971
738.159, 557.393, 668.687, 585.844
800.857, 557.648, 728.171, 589.488
267.3, 559.812, 249.447, 567.348
833.229, 559.559, 759.202, 592.939
463.441, 561.664, 418.43, 577.679
102.71, 562.092, 113.875, 563.134
755.795, 562.103, 685.219, 591.917
474.211, 564.125, 427.506, 580.536
320.323, 564.798, 294.282, 574.591
221.804, 565.528, 211.693, 571.919
96.5357, 566.214, 108.644, 566.176
537.121, 568.118, 483.501, 587.346
72.531, 571.672, 89.9652, 570.474
377.02, 575.406, 343.454, 586.877
241.029, 576.079, 227.31, 581.799
416.587, 575.792, 377.347, 589.562
292.007, 577.068, 271.234, 585.109
804.387, 577.698, 728.328, 608.455
176.961, 578.152, 173.047, 580.18
190.614, 577.968, 186.613, 581.589
168.907, 578.493, 168.041, 581.061
532.591, 579.924, 480.097, 598.912
216.806, 581.739, 208.074, 586.047
433.822, 581.904, 392.411, 595.653
339.152, 582.6, 310.808, 591.935
38.7538, 583.482, 62.5111, 580.07
701.221, 583.54, 634.069, 610.27
634.357, 584.074, 572.145, 607.544
116.412, 585.031, 125.067, 584.625
282.259, 585.496, 262.348, 589.557
138.517, 586.052, 143.177, 586.545
67.5029, 587.17, 85.4087, 584.624
516.601, 588.449, 465.909, 606.161
534.058, 588.438, 481.133, 607.145
356.027, 589.178, 325.224, 599.384
286.091, 590.039, 266.243, 596.748
161.582, 590.883, 161.941, 592.14
743.684, 591.319, 674.334, 620.373
191.426, 592.107, 187.521, 594.155
384.384, 592.157, 349.985, 603.045
417.848, 592.141, 378.994, 604.843
468.932, 592.541, 424.922, 606.744
161.116, 594.465, 161.783, 595.111
338.446, 595.712, 310.43, 604.43
743.696, 597.024, 674.215, 626.216
116.188, 598.138, 125.486, 596.943
170.845, 598.815, 170.137, 600.153
562.098, 598.79, 506.861, 618.136
274.617, 599.343, 256.523, 604.76
515.929, 600.651, 465.338, 617.895
468.909, 601.583, 423.505, 616.485
720.321, 603.82, 652.13, 631.056
652.914, 606.775, 589.355, 630.413
211.912, 610.072, 203.672, 612.185
657.739, 610.16, 593.896, 634.297
549.721, 610.756, 495.426, 629.61
720.839, 610.969, 652.385, 638.418
397.705, 613.228, 361.445, 623.973
536.067, 612.851, 482.898, 630.651
757.622, 618.194, 686.981, 648.464
419.372, 622.233, 380.05, 633.492
491.59, 622.304, 444.019, 637.3
158.467, 623.569, 159.864, 622.194
490.714, 626.64, 443.26, 641.628
165.423, 627.327, 165.522, 626.018
253.387, 628.419, 238.679, 631.229
513.779, 629.839, 463.52, 645.541
557.393, 630.622, 502.454, 648.905
590.897, 632.5, 532.809, 652.547
484.926, 634.012, 437.699, 647.998
367.752, 634.257, 336.298, 639.434
508.839, 634.989, 458.878, 650.258
431.771, 636.03, 390.727, 647.319
295.688, 636.581, 273.385, 640.727
156.649, 637.055, 158.335, 634.727
443.292, 637.379, 401.267, 649.27
309.973, 638.198, 286.47, 643.234
378.073, 638.417, 345.254, 647.054
69.4878, 640.599, 87.378, 634.1
157.958, 641.014, 159.148, 638.511
422.404, 644.293, 383.201, 654.934
435.101, 645.475, 394.255, 656.435
386.639, 646.331, 352.323, 654.443
184.807, 647.439, 181.139, 645.366
145.641, 651.161, 149.708, 647.168
223.371, 650.883, 214.044, 650.766
194.562, 652.601, 189.827, 651.05
91.9526, 657.725, 105.465, 650.256
749.904, 24.9373, 676.191, 53.059
319.994, 26.7817, 290.132, 63.0291
339.584, 26.6004, 307.562, 62.4038
602.836, 26.358, 541.113, 57.2861
310.395, 26.7335, 282.66, 63.0421
122.412, 27.346, 124.548, 66.4808
299.344, 27.4905, 273.076, 64.0879
259.153, 28.7753, 238.972, 65.801
287, 28.6004, 262.519, 65.1396
304.292, 28.9848, 277.517, 65.1752
606.117, 28.8133, 544.148, 59.857
292.473, 29.402, 267.019, 65.9529
316.718, 30.1169, 287.48, 65.9921
252.186, 30.9921, 233.246, 68.0138
620.971, 31.7456, 557.981, 62.1112
30.5227, 33.1735, 50.7943, 73.4735
595.023, 33.2041, 533.925, 64.5495
658.182, 33.2794, 592.62, 63.368
305.638, 34.6714, 278.323, 70.5682
65.2744, 35.3263, 79.5529, 74.9353
99.26, 36.0753, 106.571, 75.1879
429.036, 36.7053, 385.089, 70.6052
488.415, 36.9531, 437.379, 69.8708
648.749, 37.453, 583.819, 67.9005
665.504, 37.5864, 599.605, 67.763
644.121, 37.8568, 579.484, 68.2858
854.845, 38.017, 779.984, 65.1684
96.3341, 39.4466, 103.843, 78.4137
635.027, 39.9033, 570.745, 70.4474
590.085, 40.895, 529.732, 72.3565
148.074, 45.7283, 146.465, 83.5327
873.993, 45.3508, 795.442, 70.8301
33.1034, 46.1407, 52.9298, 85.5193
310.43, 48.3987, 282.57, 83.8639
144.623, 48.9705, 143.59, 86.6175
264.399, 48.868, 243.603, 85.051
500.587, 50.6644, 448.202, 82.8708
756.383, 50.7153, 684.883, 79.1998
374.49, 51.0608, 337.401, 85.4983
907.898, 53.6252, 832.204, 79.5363
39.8293, 53.7943, 58.3058, 92.308
48.5616, 54.3799, 66.0515, 92.156
873.804, 54.103, 798.228, 80.5752
253.415, 54.8628, 234.629, 90.5001
336.715, 54.9763, 304.898, 89.6074
589.896, 55.8073, 529.959, 87.3165
158.581, 58.906, 155.465, 95.5034
670.71, 58.8546, 600.166, 89.0574
889.117, 59.6564, 813.233, 86.0834
221.212, 59.8419, 207.021, 95.9423
709.44, 59.8772, 640.354, 89.1467
690.05, 60.5842, 622.2, 90.2572
849.931, 60.6557, 775.137, 88.0017
791.661, 60.9456, 718.758, 89.0672
110.488, 61.2767, 115.201, 98.6312
498.772, 61.5826, 446.992, 93.9719
597.541, 62.7315, 536.604, 93.5346
77.8275, 62.8969, 88.8372, 100.544
231.295, 63.12, 215.524, 98.8749
542.845, 62.8428, 486.287, 94.5558
62.8549, 63.8758, 77.1136, 101.562
427.008, 63.7825, 383.538, 96.8026
446.16, 63.9107, 400.053, 96.778
617.909, 64.1837, 555.028, 94.8752
205.767, 65.1376, 194.062, 101.126
332.56, 65.6326, 301.358, 99.9844
76.6141, 66.3995, 88.4895, 103.715
30.4381, 68.1621, 50.9715, 105.709
533.999, 67.8995, 478.395, 99.4178
632.364, 67.8507, 568.542, 98.2233
172.575, 70.7772, 166.535, 106.515
186.214, 71.2168, 178.039, 106.833
361.317, 71.8209, 326.177, 105.517
433.966, 71.8046, 390.157, 104.641
554.581, 71.8519, 497.24, 103.165
739.268, 72.044, 668.519, 101.035
475.81, 73.5254, 426.513, 105.85
745.089, 74.5312, 673.828, 103.469
493.84, 74.9452, 442.545, 106.996
443.201, 75.9634, 398.013, 108.602
659.333, 76.0365, 593.641, 106.211
849.343, 78.4477, 774.643, 105.617
203.761, 80.3599, 192.674, 115.435
871.396, 82.7934, 796.242, 110.08
202.977, 83.5928, 191.734, 118.336
92.4053, 83.8, 100.503, 119.307
225.095, 84.0602, 210.578, 118.66
232.968, 88.1083, 216.941, 122.338
902.491, 87.986, 826.691, 115.338
569.117, 88.5223, 510.566, 119.481
893.369, 88.4463, 818.107, 116.054
818.456, 90.2839, 744.759, 118.528
34.8174, 92.3166, 55.2085, 128.156
555.988, 92.9902, 498.327, 123.903
624.125, 92.955, 560.583, 123.089
644.717, 93.9238, 579.821, 123.928
717.728, 95.1458, 648.156, 124.287
539.37, 95.8712, 483.615, 126.91
751.319, 96.8606, 679.928, 125.985
495.121, 97.3699, 443.914, 128.812
396.497, 98.0892, 357.072, 130.5
448.058, 99.9067, 401.791, 132.023
195.11, 100.995, 185.492, 134.87
468.544, 100.798, 419.968, 132.48
236.297, 101.634, 220.131, 135.536
620.768, 101.865, 557.549, 132.172
870.164, 102.891, 791.342, 132.146
819.984, 104.54, 746.112, 133.084
469.123, 106.027, 420.689, 137.538
78.5769, 106.519, 90.1451, 140.857
281.379, 107.157, 258.387, 139.979
350.978, 108.16, 317.574, 140.452
345.33, 108.436, 312.469, 140.948
403.971, 108.705, 363.738, 140.582
431.979, 108.922, 387.855, 140.595
49.99, 109.598, 67.1544, 144.157
748.802, 109.605, 677.409, 138.553
737.812, 109.934, 667.198, 139.376
187.264, 110.621, 178.85, 144.259
407.944, 111.481, 366.864, 143.283
442.944, 111.761, 397.825, 144.051
606.032, 114.235, 543.902, 144.35
149.388, 114.544, 147.299, 147.721
186.472, 114.566, 178.749, 147.921
585.547, 114.896, 525.387, 145.073
621.669, 116.477, 558.519, 146.505
403.233, 116.964, 362.924, 148.371
146.81, 117.524, 145.854, 150.677
78.2149, 118.678, 89.7241, 152.544
317.658, 120.103, 289.458, 151.609
661.229, 121.12, 595.309, 150.946
855.229, 120.956, 780.074, 149.365
629.861, 121.304, 566.151, 151.103
566.925, 122.036, 508.593, 152.449
458.366, 124.5, 411.223, 155.485
711.838, 125.151, 642.55, 154.783
483.062, 125.75, 432.94, 156.674
276.917, 127.447, 253.983, 159.387
459.117, 128.472, 411.657, 159.477
629.51, 128.632, 565.773, 158.57
341.984, 130.637, 310.171, 162.028
172.705, 131.695, 167.046, 163.319
628.568, 132.341, 564.948, 162.322
844.177, 132.919, 769.792, 161.439
343.978, 134.159, 311.53, 165.606
397.511, 135.061, 358.16, 165.998
218.551, 135.784, 205.68, 167.614
743.615, 136.112, 672.376, 165.377
532.407, 136.386, 477.323, 167.319
226.444, 138.475, 211.733, 170.15
768.549, 138.547, 696.293, 167.764
550.238, 139.305, 493.234, 169.625
160.322, 140.41, 156.818, 172.07
557.546, 140.325, 499.733, 170.101
624.45, 140.54, 561.029, 170.307
183.617, 140.917, 176.706, 172.915
667.891, 140.919, 601.312, 170.475
61.5591, 142.524, 77.0529, 174.469
222.898, 142.52, 209.154, 174.006
465.042, 142.531, 417.097, 172.897
643.682, 142.911, 578.708, 172.517
905.202, 143.509, 829.275, 172.017
269.714, 144.024, 247.94, 174.844
525.441, 144.551, 471.074, 174.729
197.546, 145.384, 187.907, 176.725
603.243, 146.29, 541.872, 176.287
406.218, 147.175, 365.431, 177.661
339.67, 148.117, 307.998, 178.695
262.572, 151.723, 242.02, 182.582
275.413, 153.121, 253.34, 183.625
392.896, 152.974, 353.774, 183.513
555.252, 153.976, 497.899, 183.894
639.918, 153.799, 575.515, 183.44
123.092, 155.893, 126.82, 186.459
397.407, 155.832, 357.587, 185.602
459.281, 156.296, 411.741, 186.153
49.6627, 157.081, 67.1931, 187.956
237.708, 157.733, 221.55, 188.033
160.01, 158.707, 157.113, 189.177
379.762, 158.494, 341.961, 188.936
863.298, 159.124, 787.901, 188.163
720.513, 161.4, 650.565, 190.86
546.685, 163.897, 490.014, 193.402
290.818, 165.015, 266.111, 195.136
243.377, 166.162, 226.369, 196.236
507.865, 168.682, 454.865, 198.072
682.356, 168.755, 615.068, 198.783
777.398, 168.827, 704.728, 198.157
87.4204, 169.47, 98.0036, 199.658
821.979, 169.684, 747.852, 198.62
514.19, 170.263, 460.743, 199.802
636.516, 171.198, 571.74, 200.695
749.038, 170.881, 677.319, 200.266
453.956, 171.307, 407.16, 200.813
470.892, 172.163, 422.156, 201.853
628.507, 173.384, 564.476, 202.981
46.1947, 174.373, 64.5282, 203.923
652.601, 174.912, 587.081, 204.434
64.0127, 175.443, 78.4492, 205.023
569.057, 175.689, 510.383, 205.272
748.59, 176.702, 676.992, 206.159
744.826, 177.29, 673.575, 207.089
707.881, 177.837, 635.089, 206.841
198.649, 179.102, 189.059, 208.327
138.12, 179.851, 143.848, 208.728
187.041, 179.952, 179.326, 209.288
276.105, 182.465, 253.983, 211.492
284.555, 182.707, 260.922, 211.862
519.551, 183.358, 465.801, 212.577
243.229, 184.02, 226.347, 213.089
355.836, 184.03, 322.146, 212.895
776.127, 184.354, 703.381, 213.751
526.112, 186.501, 472.236, 215.657
109.601, 188.524, 116.11, 217.314
158.605, 189.509, 156.07, 218.237
530.779, 189.471, 475.923, 218.751
54.6261, 191.098, 71.1749, 219.414
187.404, 191.012, 180.023, 219.61
382.278, 190.987, 344.378, 219.97
257.382, 192.271, 237.811, 221.017
409.452, 192.421, 368.428, 221.348
127.672, 193.271, 130.912, 221.556
457.35, 192.983, 410.407, 221.778
343.64, 194.245, 311.542, 222.874
71.6967, 194.359, 85.0708, 222.446
161.886, 195.877, 158.956, 223.923
592.493, 197.538, 531.915, 226.817
134.571, 198.21, 136.323, 226.16
515.333, 198.605, 462.3, 227.482
305.345, 198.895, 278.652, 227.404
524.905, 199.054, 470.905, 228.128
419.368, 199.636, 376.851, 228.655
545.31, 199.486, 489.06, 228.485
823.334, 201.227, 748.772, 230.959
883.444, 201.993, 807.731, 232.383
406.022, 203.531, 365.589, 231.96
340.278, 204.292, 308.582, 232.628
578.497, 204.442, 519.481, 233.302
793.023, 204.493, 720.315, 233.956
731.124, 205.469, 660.735, 234.985
569.297, 205.979, 510.528, 234.653
619.366, 206.294, 556.573, 235.283
871.049, 206.37, 795.9, 236.338
510.269, 207.336, 457.605, 235.908
582.017, 207.317, 522.749, 236.448
836.274, 208.391, 762.187, 238.581
377.357, 210.558, 340.829, 238.781
522.687, 212.308, 468.729, 241.015
717.957, 212.488, 648.638, 242.06
284.305, 214.971, 260.962, 242.453
155.093, 216.084, 153.174, 242.926
126.79, 216.4, 130.22, 243.022
356.484, 217.541, 322.741, 245.175
478.083, 218.829, 429.009, 246.836
325.407, 221.398, 296.229, 248.985
803.057, 222.505, 729.919, 252.6
90.7171, 226.11, 100.635, 252.005
322.1, 226.219, 293.339, 253.458
514.092, 226.268, 461.108, 254.614
846.999, 226.338, 772.398, 256.879
575.882, 230.16, 517.145, 258.628
380.711, 231.354, 344.132, 258.493
430.452, 231.426, 386.859, 259.084
828.325, 231.549, 753.791, 261.471
210.238, 231.816, 199.133, 257.942
771.619, 233.266, 699.32, 263.049
590.523, 233.934, 530.749, 262.618
608.592, 235.416, 546.67, 264.014
850.929, 235.515, 776.163, 266.023
614.185, 235.83, 552.357, 264.525
769.029, 236.097, 697.083, 266.058
795.219, 236.358, 722.226, 266.389
858.344, 237.836, 783.307, 268.811
667.359, 238.453, 601.338, 267.825
90.8213, 239.818, 100.996, 264.897
481.992, 239.866, 432.332, 267.268
572.159, 239.965, 513.516, 268.073
593.727, 239.968, 533.315, 268.497
599.624, 240.097, 538.607, 268.69
309.462, 240.194, 282.864, 266.633
809.653, 240.275, 736.048, 270.598
287.878, 241.347, 264.352, 267.497
419.274, 242.516, 377.34, 269.569
471.035, 242.514, 422.806, 270.059
206.182, 243.325, 195.555, 268.457
571.724, 243.633, 513.594, 272.03
612.722, 243.894, 550.946, 272.335
371.243, 244.526, 335.738, 270.991
394.751, 246.802, 356.181, 273.622
520.37, 249.419, 466.775, 276.933
402.297, 249.954, 362.933, 276.799
862.996, 249.994, 787.775, 281.089
813.759, 252.018, 739.819, 282.487
235.226, 254.553, 220.293, 279.662
872.261, 254.33, 797.138, 285.244
858.594, 256.222, 783.76, 287.016
166.171, 256.602, 162.899, 280.991
220.842, 256.56, 208.175, 280.962
351.672, 258.368, 318.909, 284.198
818.902, 260.128, 744.862, 290.905
53.7315, 260.462, 70.9715, 283.442
451.341, 260.657, 405.659, 287.309
624.932, 260.883, 562.313, 289.284
669.129, 263.648, 604.703, 294.654
405.117, 263.809, 365.323, 290.155
531.245, 264.17, 476.987, 291.547
684.781, 264.045, 617.574, 293.467
74.1611, 264.418, 87.8702, 287.314
706.985, 265.024, 638.713, 294.377
179.941, 265.534, 174.065, 289.342
323.545, 266.103, 295.085, 291.347
729.869, 265.829, 660.324, 295.422
309.351, 266.416, 283.121, 291.347
386.519, 266.447, 349.472, 292.212
193.182, 267.746, 185.572, 291.61
208.376, 268.759, 197.71, 292.738
333.63, 269.597, 303.676, 294.527
637.493, 271.714, 573.744, 299.998
546.863, 271.88, 490.932, 299.13
137.452, 273.532, 139.001, 296.464
466.488, 274.96, 419.359, 301.483
348.298, 278.514, 316.017, 303.488
242.928, 280.19, 226.689, 303.481
331.953, 281.568, 302.21, 306.07
450.137, 281.503, 404.679, 307.354
589.702, 282.702, 529.949, 310.383
494.001, 283.088, 443.613, 309.472
906.877, 284.116, 831.22, 316.285
681.813, 285.994, 617.366, 314.893
145.349, 286.398, 145.698, 308.446
590.006, 287.718, 530.317, 315.317
502.115, 289.022, 451.033, 315.388
227.343, 290.994, 213.786, 313.909
251.476, 290.969, 234.116, 313.938
543.138, 292.033, 487.84, 318.766
695.724, 291.998, 627.931, 321.051
908.847, 291.943, 833.235, 324.111
259.124, 292.383, 240.512, 315.407
551.511, 292.532, 495.395, 319.39
654.035, 292.381, 589.245, 320.81
921.634, 292.168, 846.533, 324.591
868.596, 293.716, 793.866, 325.274
86.4002, 295.243, 98.4049, 315.961
320.431, 295.41, 292.284, 318.951
502.794, 295.593, 451.708, 321.749
662.983, 295.974, 597.709, 324.453
710.593, 296.297, 641.903, 325.523
855.828, 298.739, 781.028, 330.101
342.974, 299.746, 311.605, 323.677
877.505, 301.132, 802.062, 333.328
572.928, 301.66, 514.868, 329.06
314.587, 303.098, 287.68, 326.511
279.091, 304.147, 257.369, 326.649
421.326, 304.217, 379.543, 328.682
732.568, 304.945, 662.641, 334.668
875.041, 307.816, 799.524, 339.81
182.092, 308.472, 176.342, 329.467
200.325, 309.674, 191.721, 330.913
417.638, 309.295, 376.125, 333.631
409.227, 310.697, 368.937, 334.994
197.485, 312.794, 189.247, 333.979
840.861, 313.555, 766.749, 345.312
103.335, 314.607, 111.92, 334.53
345.98, 316.731, 313.856, 339.328
707.624, 316.392, 639.135, 345.774
295.756, 317.009, 271.323, 339.333
414.637, 317.221, 373.757, 341.566
428.109, 317.087, 385.44, 341.461
565.041, 316.946, 508.438, 343.913
599.991, 318.216, 539.038, 345.123
247.467, 318.652, 231.314, 339.968
303.415, 318.435, 278.475, 340.284
655.546, 319.069, 590.589, 347.15
581.14, 319.263, 522.791, 345.86
221.913, 319.98, 209.496, 340.907
424.566, 320.559, 383.009, 344.705
600.827, 321.486, 540.298, 348.623
880.39, 321.34, 805.181, 353.519
546.369, 321.941, 490.31, 347.953
348.542, 323.57, 316.911, 346.33
472.211, 324.043, 424.339, 348.944
93.9193, 324.968, 104.076, 344.01
748.023, 325.463, 677.332, 355.498
865.016, 325.457, 790.154, 357.702
883.464, 325.294, 808.483, 357.933
80.4913, 326.035, 93.9674, 344.381
630.083, 326.381, 566.923, 354.064
608.854, 334.817, 547.774, 362.078
92.376, 335.671, 103.08, 353.64
107.669, 335.31, 115.739, 353.666
232.412, 336.644, 218.525, 357.267
350.351, 337.21, 318.662, 359.496
588.215, 338.784, 528.453, 366.029
313.537, 340.097, 287.111, 361.317
707.52, 341.756, 638.654, 370.61
227.487, 341.895, 217.764, 363.498
502.43, 342.084, 451.601, 367
84.3911, 343.064, 96.7951, 360.048
254.014, 343.671, 237.03, 363.583
51.2147, 344.136, 70.6845, 360.472
478.2, 343.892, 430.202, 368.27
246.249, 344.702, 230.368, 364.408
759.635, 346.402, 688.257, 376.054
380.518, 347.429, 344.603, 369.682
694.356, 349.378, 626.716, 378.385
525.173, 350.034, 472.283, 375.157
687.918, 349.977, 620.461, 378.666
725.94, 349.99, 656.445, 379.688
487.046, 350.393, 437.764, 374.62
189.135, 351.4, 182.647, 369.925
575.704, 351.395, 517.71, 377.568
773.369, 351.656, 701.118, 382.486
834.608, 351.412, 760.697, 383.572
859.899, 351.99, 785.242, 384.694
608.159, 353.272, 546.691, 379.936
386.875, 353.421, 350.062, 375.653
544.427, 353.912, 489.025, 379.251
781.466, 353.817, 709.622, 384.556
297.152, 354.422, 273.091, 374.809
572.528, 354.701, 514.606, 380.798
700.902, 355.092, 632.835, 383.887
503.613, 355.425, 452.906, 379.697
236.426, 356.016, 221.998, 375.029
352.057, 356.427, 319.769, 377.441
242.246, 358.386, 226.497, 377.873
757.74, 358.955, 686.543, 389.084
330.036, 359.486, 300.907, 380.077
418.103, 360.468, 377.415, 382.896
306.436, 360.879, 280.995, 380.953
431.83, 361.415, 389.348, 384.293
769.455, 363.492, 697.668, 394.088
62.5098, 366.137, 80.1871, 381.612
383.369, 366.54, 346.683, 388.17
451.514, 366.518, 406.867, 389.513
37.4713, 369.05, 59.4516, 383.342
279.657, 370.363, 258.458, 389.137
608.898, 369.965, 547.523, 396.156
363.967, 371.401, 330.227, 392.305
203.027, 372.275, 194.415, 389.607
494.746, 373.364, 444.93, 397.073
272.559, 373.833, 252.261, 392.299
472.935, 374.486, 425.677, 397.608
182.6, 374.956, 177.837, 392.045
253.926, 376.622, 236.877, 394.989
606.783, 377.295, 545.883, 403.987
567.115, 378.27, 509.939, 403.652
614.471, 379.09, 552.798, 405.212
474.839, 379.418, 426.998, 402.332
287.045, 381.653, 264.881, 400.39
821.888, 382.69, 747.889, 414.443
94.39, 383.497, 105.181, 397.754
545.014, 384.655, 489.655, 409.233
750.529, 384.369, 679.86, 414.357
58.8159, 385.146, 76.4259, 398.505
45.1692, 386.168, 65.7485, 399.119
592.878, 386.526, 533.104, 412.491
732.043, 386.989, 661.887, 416.665
95.3503, 387.728, 106.015, 401.983
392.811, 387.422, 355.068, 408.331
720.123, 388.067, 649.224, 417.892
813.574, 390.359, 739.797, 422.141
111.212, 391.42, 118.972, 405.401
133.723, 391.673, 137.069, 406.346
439.08, 394.03, 396.086, 415.838
584.771, 395.838, 525.511, 421.173
465.099, 396.285, 418.385, 418.373
254.693, 397.996, 237.739, 415.047
379.558, 398.253, 343.529, 417.87
702.312, 397.935, 634.362, 426.474
490.562, 398.46, 441.042, 421.425
354.938, 398.856, 322.489, 418.182
398.054, 399.01, 359.945, 419.431
727.284, 401.529, 657.701, 431.111
226.409, 402.572, 214.026, 418.58
526.864, 403.171, 473.582, 426.975
268.017, 403.588, 248.744, 420.664
866.014, 403.858, 791.036, 437.443
128.111, 405.301, 133.027, 419.166
364.479, 405.263, 331.282, 424.679
670.429, 405.385, 604.218, 432.642
376.134, 406.098, 341.465, 425.657
486.279, 406.489, 437.384, 428.756
587.09, 406.408, 527.812, 431.535
381.352, 408.818, 345.652, 428.342
26.5812, 409.572, 51.4937, 419.138
575.485, 409.285, 517.024, 433.915
666.654, 410.103, 600.75, 437.577
136.638, 410.266, 139.851, 423.606
694.622, 411.86, 626.776, 440.105
439.162, 412.505, 396.073, 433.469
611.535, 412.311, 550.389, 438.19
726.472, 413.261, 657.078, 442.533
27.4519, 414.131, 52.1988, 424.943
377.418, 414.449, 342.152, 434.009
209.492, 415.16, 200.554, 430.709
77.7286, 415.289, 92.2656, 426.965
663.207, 418.452, 597.951, 445.684
545.855, 419.99, 490.616, 443.583
195.481, 420.727, 188.225, 434.414
637.37, 420.7, 574, 446.953
342.082, 421.17, 311.586, 439.111
67.4248, 421.859, 83.9866, 432.564
75.1692, 423.326, 90.3995, 434.128
392.667, 422.745, 355.529, 442.087
700.532, 423.056, 632.823, 451.36
547.161, 424.891, 491.661, 448.56
893.385, 427.049, 817.971, 461.884
533.397, 427.723, 477.919, 451.037
630.002, 427.657, 567.361, 454.091
304.517, 428.605, 280.028, 445.151
131.877, 428.898, 135.643, 442.102
474.847, 431.289, 427.638, 452.285
704.463, 431.461, 636.733, 459.654
153.415, 432.968, 154.384, 445.109
365.409, 432.874, 332.019, 451.054
630.947, 432.917, 568.128, 458.997
852.571, 432.945, 777.858, 466.295
717.747, 433.493, 649.028, 462.555
297.457, 434.037, 273.891, 450.048
350.098, 433.835, 318.539, 451.246
531.548, 434.927, 478.161, 457.784
245.002, 435.405, 229.879, 449.947
201.337, 435.946, 193.481, 448.932
280.047, 436.403, 259.38, 451.768
851.064, 436.622, 776.2, 470.01
605.201, 437.106, 544.856, 462.441
189.517, 438.61, 183.677, 451.383
581.11, 438.525, 522.865, 463.001
538.643, 441.716, 484.916, 465.236
292.407, 442.09, 269.484, 457.439
353.57, 441.898, 321.659, 459.259
534.836, 441.907, 480.815, 465.054
724.767, 443.05, 655.646, 472.232
877.996, 445.026, 802.478, 479.246
377.204, 446.487, 342.116, 464.273
137.908, 446.783, 141.739, 457.482
250.189, 447.537, 234.447, 461.331
205.843, 448.879, 197.237, 461.558
634.222, 449.872, 571.552, 475.845
232.107, 450.49, 218.996, 463.925
870.414, 451.12, 795.19, 485.45
252.385, 451.601, 236.363, 465.367
565.427, 451.429, 508.375, 475.105
865.481, 452.029, 790.083, 486.407
172.458, 452.338, 170.05, 463.86
263.532, 452.786, 245.424, 466.924
122.611, 455.559, 128.979, 465.334
557.928, 456.154, 501.925, 479.414
597.904, 456.155, 538.041, 480.645
282.316, 459.257, 261.372, 472.976
577.006, 459.513, 519.031, 483.16
377.568, 459.828, 342.68, 477.051
239.068, 460.495, 225.126, 473.07
290.423, 460.443, 268.275, 474.717
555.404, 461.131, 499.887, 484.236
320.01, 462.131, 293.488, 477.256
129.398, 462.984, 134.587, 472.305
433.315, 462.723, 390.862, 481.168
815.583, 462.846, 741.946, 495.473
382.731, 464.517, 346.94, 481.483
711.799, 466.423, 643.127, 494.882
739.222, 467.055, 668.616, 495.482
615.104, 467.562, 553.884, 492.668
803.941, 467.298, 730.676, 499.194
682.572, 468.788, 616.487, 496.102
313.838, 469.431, 288.06, 483.782
618.926, 469.247, 557.596, 494.04
715.507, 469.645, 647.332, 498.121
612.846, 472.074, 551.554, 497.196
564.063, 472.572, 507.44, 495.506
571.152, 473.686, 513.752, 496.865
740.172, 473.543, 670.442, 502.99
831.479, 474.053, 757.607, 507.041
898.126, 475.079, 821.976, 510.725
273.12, 475.335, 253.341, 488.392
362.345, 476.705, 329.518, 492.842
488.457, 477.074, 439.632, 497.427
249.004, 477.582, 233.562, 489.801
67.5436, 482.191, 84.6661, 488.279
354.451, 481.918, 322.784, 497.228
126.761, 483.761, 132.551, 491.136
42.0939, 484.331, 63.8596, 489.594
365.615, 485.068, 333.538, 500.561
498.262, 488.113, 448.068, 508.129
377.246, 488.934, 342.42, 504.724
510.313, 492.322, 458.948, 512.767
606.333, 494.773, 546.135, 518.852
729.434, 496.737, 660.369, 525.559
175.56, 498.416, 173.035, 506.845
769.007, 499.638, 697.921, 530.205
264.531, 500.085, 246.48, 511.332
860.448, 500.14, 785.314, 534.409
825.469, 501.139, 751.632, 534.128
502.521, 501.416, 452.459, 521.448
363.41, 502.087, 330.462, 517.132
623.845, 504.136, 561.84, 528.678
675.81, 505.9, 610.225, 532.795
864.527, 507.165, 785.965, 541.276
317.406, 507.998, 290.978, 520.127
70.5013, 508.28, 87.3449, 512.453
379.468, 508.765, 347.429, 524.766
859.915, 510.656, 784.422, 545.123
108.631, 511.699, 118.086, 516.958
404.922, 513.582, 366.526, 529.158
486.068, 515.16, 437.882, 534.019
101.485, 516.376, 112.516, 520.642
599.816, 516.426, 539.593, 539.464
676.858, 516.697, 610.792, 542.937
860.718, 516.938, 785.806, 551.588
647.588, 518.51, 583.486, 543.718
682.91, 518.545, 616.68, 545.242
669.129, 519.864, 603.872, 545.791
283.279, 521.472, 262.71, 531.861
545.407, 521.03, 490.597, 541.956
105.873, 522.948, 115.593, 526.897
65.9015, 525.218, 84.0719, 527.84
722.855, 526.388, 654.002, 554.864
790.3, 527.909, 718.123, 559.459
127.362, 528.933, 133.483, 533.374
649.68, 529.469, 585.853, 554.693
729.043, 529.673, 659.565, 558.476
737.194, 529.768, 668.054, 558.9
332.732, 530.504, 304.495, 542.426
513.393, 530.406, 462.133, 549.689
145.067, 531.405, 147.862, 536.055
366.686, 532.092, 333.626, 545.157
346.013, 533.615, 315.503, 545.651
701.06, 533.555, 633.625, 560.842
820.836, 533.681, 747.889, 566.547
217.972, 534.07, 207.947, 541.735
655.61, 534.482, 591.488, 559.431
431.989, 535.115, 390.306, 551.042
618.999, 537.127, 557.615, 560.998
764.898, 536.991, 692.972, 568.034
370.153, 537.48, 337.011, 550.81
465.221, 537.577, 419.539, 554.405
345.249, 540.048, 315.211, 552.208
364.251, 542.332, 331.685, 555.046
208.206, 545.685, 199.773, 552.001
504.003, 545.758, 454.221, 564.272
692.14, 546.301, 625.449, 573.009
700.389, 546.613, 632.947, 573.716
132.24, 549.949, 137.605, 552.701
192.179, 551.052, 186.905, 556.433
186.593, 557.494, 182.56, 561.741
353.753, 559.977, 323.23, 571.133
813.407, 560.696, 740.896, 593.157
374.614, 563.214, 341.22, 575.34
408.28, 563.255, 369.699, 576.89
23.1061, 564.838, 49.9657, 562.461
651.685, 565.338, 588.059, 590.172
497.521, 567.108, 448.466, 584.49
681.695, 568.528, 616.133, 594.808
518.521, 568.919, 467.181, 587.122
123.891, 569.362, 130.914, 570.429
319.321, 569.861, 293.707, 579.184
266.043, 570.415, 248.879, 577.292
745.486, 572.164, 675.179, 601.135
569.712, 572.712, 513.086, 593.407
580.312, 572.624, 522.651, 593.621
788.839, 572.724, 716.627, 604.141
574.895, 573.161, 517.844, 593.857
672.102, 573.052, 606.85, 598.583
697.185, 573.859, 629.923, 600.547
263.045, 574.383, 246.193, 580.857
526.753, 574.423, 473.705, 592.521
655.2, 576.472, 591.71, 600.729
780.1, 576.648, 708.462, 607.656
726.492, 577.809, 657.932, 605.892
688.867, 578.359, 622.807, 604.831
403.319, 580.064, 366.18, 592.664
653.056, 580.116, 589.563, 604.553
768.619, 581.019, 697.705, 611.152
386.784, 581.318, 352.01, 592.891
678.845, 582.164, 613.396, 608.217
274.633, 582.241, 256.159, 588.943
440.981, 582.778, 398.957, 596.636
243.667, 583.317, 230.094, 588.299
192.151, 584.685, 187.74, 587.464
329.097, 585.241, 302.433, 594.193
628.372, 585.891, 566.693, 608.875
264.723, 587.052, 248.014, 592.808
765.669, 587.029, 695.022, 617.233
49.616, 587.591, 71.8403, 584.307
314.817, 587.256, 290.51, 595.426
309.616, 589.581, 285.864, 597.48
775.879, 589.522, 704.758, 620.439
442.546, 590.156, 400.257, 603.925
646.589, 589.849, 583.094, 613.893
668.555, 589.939, 603.826, 615.118
112.379, 590.68, 122.135, 589.911
56.3798, 592.038, 76.497, 588.626
484.11, 592.844, 436.464, 608.518
153.717, 595.323, 155.638, 595.664
278.821, 595.495, 260.504, 601.596
790.075, 596.513, 718.428, 627.566
513.18, 597.948, 462.926, 614.945
634.611, 598.376, 572.381, 621.456
463.409, 601.136, 418.924, 615.595
601.61, 601.115, 542.422, 622.476
435.156, 602.763, 393.63, 615.927
593.578, 604.102, 535.199, 625.084
216.668, 604.569, 207.925, 608.649
504.828, 605.041, 455.441, 621.456
615.937, 605.435, 556.159, 627.713
687.955, 605.642, 621.224, 631.329
193.934, 608.724, 189.1, 610.101
570.956, 609.54, 514.638, 629.035
664.226, 609.7, 599.999, 634.066
125.968, 609.842, 133.282, 607.829
65.4326, 610.686, 84.5114, 606.051
675.867, 611.692, 610.417, 636.714
44.7422, 613.248, 67.9106, 607.814
779.577, 612.853, 708.525, 643.58
879.25, 613.14, 804.535, 649.648
734.861, 613.527, 665.551, 641.876
824.982, 616.51, 751.714, 650.057
389.842, 617.581, 354.725, 627.539
613.523, 617.518, 553.204, 639.196
708.329, 617.397, 640.483, 644.285
492.84, 618.623, 445.104, 633.557
267.247, 619.285, 250.007, 623.211
464.423, 620.057, 420.139, 633.615
841.277, 619.906, 768.037, 654.302
435.119, 620.362, 394.062, 632.478
658.803, 620.63, 594.574, 644.447
743.849, 621.374, 674.364, 649.941
218.493, 623.654, 209.415, 625.004
764.092, 623.817, 693.334, 653.708
310.724, 624.135, 286.616, 629.935
679.439, 624.738, 613.794, 650.151
256.284, 625.3, 240.458, 628.028
319.593, 625.575, 294.61, 631.846
108.417, 626.048, 118.929, 622.18
658.944, 629.56, 594.975, 653.542
87.7079, 630.614, 102.425, 625.405
237.779, 630.971, 225.569, 632.759
625.082, 631.02, 564.171, 652.98
158.771, 631.991, 160.137, 629.966
353.16, 632.473, 323.115, 639.863
329.653, 635.253, 304.37, 641.247
541.685, 637.183, 488.328, 654.349
449.91, 637.754, 407.095, 649.844
26.7503, 638.465, 53.5353, 629.886
384.473, 639.039, 350.363, 647.821
434.61, 639.262, 393.374, 650.526
101.984, 640.262, 114.083, 634.907
393.938, 643.066, 358.405, 652.042
194.677, 646.108, 189.708, 644.574
377.49, 647.032, 344.364, 654.926
400.729, 647.545, 363.945, 656.664
239.613, 652.504, 227.494, 652.991
284.33, 653.466, 264.874, 656.185
139.976, 659.63, 145.241, 654.655
99.5421, 663.495, 111.953, 655.879
312.654, 23.1383, 284.641, 59.7002
321.863, 23.2068, 292.032, 59.5242
740.962, 23.4834, 669.986, 52.0244
393.02, 24.0958, 353.613, 59.3891
293.537, 25.9158, 267.935, 62.4793
596.996, 26.8211, 535.348, 58.0111
239.373, 28.8862, 221.959, 66.3429
332.576, 29.3679, 301.547, 65.2785
345.849, 29.4745, 312.94, 65.076
474.074, 29.384, 424.825, 63.0338
729.892, 29.9206, 659.89, 58.5856
706.459, 31.1529, 637.699, 59.9987
341.84, 31.176, 308.948, 66.5357
77.4452, 33.6413, 88.7974, 73.4293
392.172, 34.4494, 352.954, 69.4155
127.856, 35.5444, 130.149, 74.4237
657.666, 37.1321, 591.807, 67.4568
135.827, 39.4057, 136.33, 77.9134
89.2036, 41.6002, 98.3508, 80.5359
866.461, 46.9055, 791.274, 73.0536
129.857, 47.6936, 131.647, 85.8612
446.949, 52.0391, 401.402, 86.0768
260.498, 52.892, 240.339, 88.6806
283.977, 52.8047, 259.99, 88.4921
359.013, 54.8382, 323.741, 89.2873
217.128, 56.3987, 203.843, 92.5196
904.437, 56.3716, 828.739, 82.4081
259.327, 57.4241, 239.493, 93.105
586.416, 57.3531, 526.033, 88.3267
807.83, 58.9928, 734.013, 86.8461
620.559, 60.176, 557.535, 90.8159
96.3616, 61.3547, 104.047, 98.7981
70.5318, 63.9955, 83.5938, 101.398
34.5059, 64.9825, 54.272, 102.899
301.192, 66.3727, 274.465, 101.01
387.657, 66.9706, 349.13, 100.638
468.11, 69.1242, 419.849, 101.33
339.265, 72.3768, 310.871, 105.4
847.567, 72.3611, 772.827, 100.344
66.1158, 73.3727, 79.9252, 110.122
183.474, 74.7364, 175.767, 110.344
283.96, 75.7077, 259.879, 110.323
420.333, 76.8494, 377.991, 109.762
712.272, 76.826, 642.825, 106.125
612.593, 77.7304, 550.221, 108.58
894.377, 78.1007, 818.994, 105.137
173.04, 78.9206, 167.303, 114.488
472.029, 81.0822, 423.121, 112.893
119.056, 83.5443, 123.133, 119.306
616.206, 84.2105, 553.635, 114.788
82.6427, 84.6283, 93.3928, 120.951
797.277, 85.1175, 724.371, 113.669
526.349, 85.643, 471.865, 116.663
802.441, 85.6885, 729.457, 114.093
242.451, 87.5968, 224.613, 122.124
915.331, 88.7417, 839.137, 116.027
59.5509, 89.0952, 74.7892, 124.895
435.025, 91.1613, 390.522, 123.414
41.7418, 91.5342, 63.2771, 126.398
552.248, 93.0033, 495.023, 123.908
598.189, 93.815, 537.163, 124.194
145.719, 94.4618, 144.943, 129.096
699.391, 96.1275, 630.953, 125.563
444.175, 96.2647, 398.496, 128.848
451.364, 96.4989, 404.961, 128.397
673.133, 96.1601, 606.468, 126.136
611.217, 98.8604, 548.88, 129.344
616.748, 99.1179, 554.168, 129.349
512.731, 99.4949, 459.356, 130.961
587.367, 100.959, 526.76, 131.545
497.398, 102.184, 445.731, 133.606
842.368, 102.067, 767.78, 130.023
307.338, 106.608, 279.971, 139.216
800.51, 109.909, 727.043, 138.777
436.056, 112.073, 391.462, 143.536
419.365, 113.095, 376.621, 144.864
794.146, 115.213, 721.35, 143.964
762.191, 115.502, 690.35, 144.381
912.987, 115.576, 836.979, 143.544
158.831, 115.886, 154.83, 149.769
462.614, 115.933, 415.064, 147.052
562.452, 117.557, 504.227, 147.971
37.7506, 118.134, 58.243, 151.816
726.122, 118.187, 656.354, 147.503
532.716, 122.863, 477.542, 153.362
506.09, 123.588, 453.732, 154.438
515.825, 125.315, 462.423, 156.162
652.8, 125.376, 587.447, 155.276
330.106, 126.535, 299.648, 158.458
387.631, 126.363, 349.464, 157.756
223.929, 127.068, 209.824, 159.319
315.159, 127.464, 287.052, 159.285
251.293, 127.777, 232.531, 159.824
681.313, 127.936, 614.249, 157.389
797.65, 128.976, 724.328, 157.764
658.3, 131.291, 592.426, 161.197
392.737, 131.43, 353.563, 162.375
474.06, 131.663, 425.114, 162.129
275.149, 131.908, 252.911, 164.432
635.523, 132.014, 570.912, 161.791
569.053, 133.521, 510.366, 163.117
227.556, 134.88, 212.981, 166.84
311.993, 134.794, 284.171, 166.172
215.269, 138.664, 202.868, 170.229
76.9245, 140.366, 88.8849, 172.487
818.589, 141.221, 744.321, 170.365
569.187, 142.125, 511.019, 172.164
215.102, 143.067, 202.364, 174.098
726.696, 143.338, 653.006, 173.018
773.907, 143.356, 701.504, 172.386
156.13, 144.428, 153.615, 175.909
293.239, 144.532, 268.033, 175.47
696.109, 150.42, 627.482, 179.956
363.126, 151.158, 328.081, 181.819
443.89, 151.326, 398.258, 181.458
862.648, 151.794, 787.289, 180.933
577.199, 152.573, 517.978, 182.43
241.323, 154.057, 224.585, 184.92
703.929, 155.43, 635.169, 184.929
574.507, 158.197, 515.3, 187.778
372.102, 158.406, 335.704, 188.652
388.662, 160.016, 350.331, 189.978
499.093, 160.411, 447.469, 190.411
776.692, 161.597, 703.974, 191.084
589.414, 162.898, 529.141, 192.713
221.169, 166.348, 207.47, 196.381
433.421, 168.981, 389.352, 198.637
499.094, 170.776, 447.287, 199.869
415.139, 170.672, 373.249, 200.682
337.973, 171.796, 306.687, 201.299
617.943, 171.593, 554.536, 200.855
804.822, 171.406, 731.262, 200.646
208.945, 172.837, 197.36, 202.783
83.5862, 173.821, 94.572, 203.436
590.026, 173.889, 529.64, 203.406
925.836, 175.07, 849.897, 204.945
765.893, 175.625, 694.065, 205.161
792.079, 175.726, 719.033, 205.219
777.32, 175.924, 704.684, 205.315
739.814, 177.69, 668.745, 207.122
626.724, 177.824, 562.901, 207.321
68.1228, 179.004, 81.9594, 208.548
614.272, 179.22, 551.717, 208.673
556.333, 182.839, 498.95, 212.296
465.28, 183.277, 417.886, 212.54
786.458, 183.347, 713.34, 212.88
45.5894, 183.904, 64.1328, 213.089
871.018, 183.877, 796.146, 213.337
553.795, 187.095, 496.697, 216.434
745.992, 187.221, 675.035, 216.732
189.857, 187.13, 181.797, 216.073
792.167, 188.679, 718.949, 218.35
35.3483, 190.525, 55.9794, 218.815
517.797, 190.683, 464.378, 219.425
88.6944, 190.78, 98.6785, 219.233
291.05, 191.271, 266.716, 219.952
217.923, 194.057, 205.091, 222.637
740.408, 196.575, 669.57, 225.905
792.014, 197.022, 719.186, 226.857
564.195, 197.205, 506.077, 226.655
800.833, 199.092, 727.533, 228.89
62.7412, 199.427, 78.0905, 227.368
51.3576, 200.581, 69.1821, 228.39
632.17, 203.435, 568.329, 232.415
375.268, 204.976, 338.649, 233.181
788.206, 205.832, 715.185, 235.518
474.127, 206.722, 426.197, 235.435
762.497, 206.723, 690.738, 236.303
476.598, 211.846, 427.809, 240.37
590.382, 212.224, 530.188, 241.213
770.661, 211.99, 698.111, 242.049
662.452, 212.845, 596.592, 242.227
714.042, 213.401, 644.778, 242.95
452.006, 214.202, 405.936, 242.522
580.951, 213.861, 521.611, 242.632
556.636, 214.398, 499.686, 243.193
525.739, 216.781, 471.671, 245.732
541.771, 217.487, 485.843, 245.754
245.911, 218.136, 228.448, 245.216
442.671, 218.714, 397.868, 246.904
793.88, 220.002, 720.85, 250.048
532.047, 221.81, 477.58, 250.376
278.267, 222.712, 256.027, 249.663
31.0318, 224.052, 52.9883, 249.806
108.904, 229.236, 115.622, 255.066
76.6665, 231.846, 89.5031, 257.74
292.537, 232.154, 268.089, 258.806
391.162, 232.638, 352.993, 259.819
255.507, 232.922, 236.968, 259.586
337.263, 233.632, 306.584, 260.35
418.434, 234.751, 375.624, 261.647
691.694, 235.596, 624.136, 264.878
699.757, 235.91, 631.246, 265.374
70.2766, 236.402, 84.3265, 261.922
162.328, 240.922, 158.986, 266.141
355.657, 240.9, 322.016, 267.481
395.497, 242.842, 356.795, 269.695
822.844, 242.796, 748.803, 273.263
190.976, 243.6, 183.206, 267.921
47.6003, 244.335, 66.553, 268.819
501.903, 245.719, 450.462, 273.194
800.633, 248.564, 727.185, 278.786
189.906, 249.017, 182.252, 273.864
543.191, 249.65, 487.097, 276.968
282.597, 250.483, 259.945, 276.178
368.219, 250.21, 333.182, 276.16
453.949, 253.299, 407.57, 280.174
488.76, 254.841, 438.5, 281.978
119.994, 255.398, 124.952, 279.39
239.094, 256.722, 223.159, 284.859
679.194, 256.584, 612.35, 285.594
257.361, 258.047, 238.775, 282.977
826.722, 258.067, 752.486, 288.573
841.124, 258.798, 766.792, 289.385
565.189, 260.01, 507.549, 287.864
386.658, 261.736, 349.215, 287.666
139.841, 262.582, 141.361, 285.921
28.8512, 263.427, 52.0319, 286.058
856.938, 265.354, 781.85, 296.361
411.853, 266.389, 371.199, 292.473
442.58, 266.919, 397.79, 293.413
580.605, 267.369, 522.063, 295.405
613.577, 270.023, 551.417, 298.163
740.204, 271.018, 669.846, 300.6
707.768, 271.899, 639.514, 301.125
23.0427, 279.489, 47.1506, 300.778
484.184, 282.144, 434.972, 308.542
181.675, 289.073, 175.847, 311.55
420.488, 289.967, 378.76, 315.131
341.364, 292.384, 310.932, 316.762
598.603, 292.583, 538.105, 320.163
636.355, 292.465, 573.185, 320.634
52.9996, 294.088, 71.3927, 314.459
753.096, 294.73, 681.94, 324.644
906.403, 294.916, 830.987, 327.284
619.496, 296.706, 557.579, 324.579
911.999, 298.367, 836.148, 330.756
399.956, 299.575, 361.285, 324.544
67.3508, 300.262, 82.9017, 320.568
204.057, 302.336, 194.638, 323.93
415.529, 303.302, 374.46, 327.926
791.592, 305.99, 719.154, 336.625
840.406, 306.095, 766.327, 337.418
132.888, 306.929, 135.943, 326.798
355.682, 308.262, 322.695, 331.821
280.195, 309.94, 258.407, 332.47
480.228, 310.015, 431.863, 335.39
880.155, 310.358, 804.533, 342.605
650.44, 312.68, 585.883, 340.923
655.272, 312.785, 590.533, 340.9
528.898, 313.189, 475.123, 339.15
720.732, 313.537, 651.679, 343.439
741.595, 313.859, 671.238, 343.656
407.24, 315.037, 367.323, 339.314
136.537, 316.616, 139.412, 337.199
622.112, 322.779, 558.764, 350.234
823.704, 323.124, 750.262, 354.488
379.661, 323.701, 343.447, 347.119
147.673, 324.94, 148.522, 344.3
808.842, 325.668, 735.683, 356.895
206.336, 326.586, 196.604, 346.835
468.335, 326.98, 421.173, 351.897
475.312, 327.014, 427.806, 352.045
329.743, 327.773, 300.977, 350.27
260.337, 327.839, 242.137, 349.014
275.147, 328.12, 254.346, 349.291
606.697, 329.284, 545.581, 356.485
629.968, 332.886, 566.955, 360.025
588.146, 334.022, 528.621, 360.68
497.972, 334.508, 447.451, 359.438
96.9469, 336.784, 108.899, 354.589
145.53, 337.119, 146.53, 356.199
177.497, 338.259, 172.639, 357.365
629.197, 342.048, 566.282, 369.707
147.431, 344.315, 148.322, 362.491
28.3363, 344.383, 51.7845, 360.299
741.825, 351.087, 671.633, 380.96
851.658, 352.171, 777.464, 384.613
368.049, 353.867, 333.73, 375.716
678.531, 353.956, 611.897, 382.388
330.848, 355.134, 301.64, 376.098
661.848, 356.22, 596.4, 384.014
764.094, 358.448, 693.069, 389.079
576.462, 359.31, 518.182, 385.372
823.247, 359.979, 749.373, 391.85
286.874, 361.175, 264.623, 380.974
483.233, 363.8, 434.69, 387.533
283.356, 364.508, 261.617, 384.305
371.151, 364.614, 335.948, 385.954
73.3732, 367.232, 87.9368, 382.127
189.842, 367.106, 183.287, 384.49
651.415, 367.592, 586.905, 395.168
476.502, 369.003, 428.742, 392.203
481.151, 372.146, 432.832, 395.708
28.5818, 372.814, 52.2143, 386.423
194.612, 375.533, 187.354, 392.574
66.7682, 376.307, 82.6515, 390.601
355.048, 376.138, 322.747, 396.59
132.336, 377.933, 136.049, 393.432
690.262, 377.523, 622.863, 406.577
745.332, 379.877, 675.07, 409.584
146.477, 380.535, 147.805, 396.306
700.999, 380.752, 633.075, 409.259
897.112, 381.154, 822.532, 414.984
236.921, 382.232, 222.626, 399.56
363.976, 382.397, 330.504, 402.608
477.975, 383.189, 430.216, 406.347
393.469, 383.412, 356.337, 404.667
275.079, 385.053, 254.657, 403.203
425.414, 385.821, 383.628, 407.474
805.109, 385.354, 731.936, 416.933
605.665, 386.621, 547.163, 412.672
270.558, 390.333, 250.597, 408.013
532.687, 392.114, 478.589, 416.291
630.573, 392.656, 567.418, 419.477
543.063, 393.612, 487.977, 417.963
673.864, 394.811, 607.68, 422.68
126.781, 395.808, 131.987, 409.919
193.827, 397.445, 187.05, 413.068
871.585, 398.471, 796.116, 432.247
246.592, 399.127, 230.812, 415.922
435.623, 399.298, 392.603, 420.893
262.254, 400.25, 244.143, 417.35
182.064, 400.619, 177.188, 415.91
135.819, 402, 139.268, 415.82
367.326, 401.842, 333.395, 421.438
875.128, 402.459, 799.822, 435.946
248.42, 403.165, 232.496, 419.713
238.764, 403.487, 224.531, 419.729
508.082, 404.512, 456.712, 427.653
650.816, 404.517, 586.211, 431.476
720.912, 404.393, 651.621, 433.479
763.331, 405.541, 691.792, 435.811
767.504, 407.572, 695.867, 438.08
315.473, 407.913, 289.388, 425.629
613.995, 408.628, 552.509, 434.476
561.944, 408.938, 504.883, 433.364
701.4, 411.418, 633.585, 439.94
328.64, 416.275, 300.192, 434.014
343.499, 416.986, 312.802, 435.302
609.479, 419.138, 548.432, 444.687
245.594, 419.581, 230.593, 435.004
482.935, 420.595, 434.431, 442.431
256.175, 420.882, 238.954, 436.535
121.398, 421.804, 127.688, 433.85
385.917, 421.915, 349.658, 441.315
648.856, 421.796, 584.695, 448.55
186.05, 424.04, 181.046, 437.744
671.907, 424.106, 605.852, 451.657
361.694, 425.138, 328.851, 443.46
577.924, 424.943, 519.266, 449.714
339.871, 425.329, 309.87, 443.065
287.033, 428.006, 264.952, 443.863
321.879, 428.567, 294.551, 445.499
358.686, 428.438, 326.11, 446.416
534.555, 432.139, 481.115, 455.141
83.7851, 433.035, 97.4682, 443.695
545.973, 433.086, 490.767, 456.444
168.964, 434.434, 166.415, 446.831
469.939, 434.881, 423.31, 455.711
488.718, 434.984, 439.856, 456.569
386.16, 436.113, 350.068, 454.509
652.134, 437.651, 587.859, 464.457
884.599, 437.874, 809.092, 472.614
162.496, 441.389, 161.373, 453.159
191.787, 442.381, 185.268, 454.755
65.1446, 443.057, 82.3685, 451.943
639.434, 442.897, 576.874, 469.312
113.66, 443.299, 121.001, 453.967
681.947, 444.081, 615.595, 471.81
181.349, 445.019, 176.264, 456.921
305.892, 449.826, 281.12, 465.289
898.934, 450.132, 822.999, 485.515
381.047, 450.966, 345.411, 468.624
211.62, 451.769, 202.488, 464.462
539.058, 451.986, 484.786, 474.656
483.235, 452.467, 434.749, 473.096
589.168, 454.932, 529.85, 479.272
500.928, 457.125, 450.864, 478.213
323.282, 457.942, 296.151, 473.336
109.464, 458.911, 118.229, 467.95
29.2143, 459.404, 54.0209, 466.189
601.992, 461.139, 541.734, 485.697
53.5922, 461.531, 72.9786, 468.829
639.685, 462.102, 576.486, 488.285
762.046, 462.646, 690.5, 493.156
615.986, 463.59, 554.802, 488.75
627.959, 463.311, 565.809, 488.836
258.97, 463.901, 240.923, 477.027
604.447, 465.076, 544.396, 489.911
203.246, 466.645, 195.428, 477.383
224.047, 466.62, 212.214, 478.611
697.156, 466.264, 629.62, 494.212
672.882, 466.799, 607.234, 493.789
624.167, 467.524, 562.402, 492.836
397.539, 467.898, 359.866, 485.51
392.271, 468.871, 355.303, 486.061
401.492, 470.183, 364.342, 486.269
760.944, 470.417, 689.714, 500.477
162.324, 471.372, 161.821, 480.859
508.696, 473.161, 457.42, 494.264
207.626, 473.369, 199.149, 484.441
441.447, 473.303, 398.474, 491.665
355.734, 474.044, 323.705, 489.713
770.292, 473.75, 699.002, 504.273
784.329, 475.467, 712.192, 506.605
313.226, 476.211, 287.576, 490.669
58.0004, 479.486, 76.7034, 485.388
837.509, 479.294, 763.45, 512.623
410.129, 480.837, 370.835, 498.137
792.158, 481.961, 719.632, 513.258
108.066, 483.171, 117.226, 490.115
445.497, 488.049, 402.055, 506.364
522.697, 488.566, 469.891, 509.694
611.446, 488.737, 549.063, 514.279
262.56, 489.061, 244.882, 501.092
558.135, 489.032, 502.182, 511.464
616.208, 489.279, 555.197, 514.06
799.02, 489.955, 726.104, 521.617
324.004, 490.288, 296.627, 504.209
602.346, 491.302, 542.345, 515.17
106.012, 491.454, 115.606, 497.882
728.052, 492.67, 658.487, 521.438
775.584, 492.912, 703.571, 523.806
370.838, 493.675, 336.366, 508.506
800.714, 495.062, 727.785, 526.785
203.205, 495.792, 195.598, 505.233
779.415, 497.169, 707.364, 528.148
848.358, 496.93, 774.035, 530.912
297.261, 497.656, 273.997, 510.086
169.238, 499.107, 167.397, 507.135
26.5555, 501.097, 52.0939, 504.246
95.9245, 502.189, 107.943, 507.772
441.705, 502.581, 398.481, 519.961
814.482, 503.397, 741.305, 535.937
868.107, 505.814, 793.338, 540.384
774.673, 506.612, 703.243, 537.349
532.694, 510.716, 479.084, 531.309
273.825, 511.673, 254.6, 522.663
413.217, 512.2, 373.847, 528.207
558.342, 512.787, 502.919, 533.931
70.3355, 514.36, 87.4583, 518.174
80.4367, 515.034, 94.7984, 518.875
136.561, 515.796, 141.015, 521.429
376.394, 516.977, 342.104, 531.451
162.079, 518.524, 161.844, 525.005
552.615, 520.474, 496.949, 541.8
450.821, 520.843, 407.042, 537.775
644.549, 521.495, 580.852, 546.68
239.666, 522.758, 227.172, 530.325
433.65, 522.652, 391.442, 538.923
501.122, 522.945, 451.625, 541.634
112.353, 525.167, 121.065, 529.413
778.796, 525.656, 707.119, 556.573
119.344, 526.624, 125.835, 531.287
769.81, 527.647, 698.57, 558.214
808.601, 528.526, 735.594, 560.805
309.564, 531.577, 284.99, 542.747
188.342, 532.916, 183.592, 539.116
236.276, 532.975, 223.117, 540.994
357.367, 535.011, 325.871, 548.155
419.023, 535.474, 378.631, 550.495
364.73, 536.512, 332.209, 549.506
839.813, 536.389, 765.8, 570.085
797.203, 537.504, 725.159, 569.495
533.145, 537.654, 480.131, 558.059
529.077, 539.147, 476.238, 558.988
393.946, 539.443, 357.113, 553.533
418.124, 539.674, 378.328, 554.657
118.794, 541.528, 126.343, 544.42
404.526, 541.65, 366.501, 556.057
445.055, 541.434, 401.985, 557.628
450.178, 541.664, 406.708, 557.808
503.138, 541.839, 453.113, 560.436
61.8008, 544.682, 80.8604, 545.238
610.497, 547.072, 550.353, 570.943
663.616, 547.072, 599.611, 572.913
752.23, 549.457, 681.891, 579.169
243.192, 551.415, 229.367, 558.641
729.13, 551.738, 659.717, 580.344
832.186, 553.68, 758.639, 587.534
825.052, 554.102, 751.585, 587.388
804.234, 555.012, 732.249, 588.249
267.097, 555.387, 249.652, 563.303
25.5511, 557.383, 52.0544, 555.64
273.816, 559.051, 255.431, 567.07
877.938, 560.967, 802.828, 596.754
385.497, 561.964, 351.4, 574.263
56.906, 562.266, 76.9343, 561.018
40.232, 562.936, 63.8798, 561.543
112.13, 562.878, 121.285, 563.848
339.544, 562.892, 310.91, 573.484
414.59, 563.158, 375.437, 576.809
481.647, 567.133, 434.646, 583.789
555.638, 567.036, 500.242, 587.169
820.753, 567.034, 747.483, 599.936
190.394, 567.308, 185.741, 571.13
489.846, 567.583, 442.198, 584.647
116.448, 568.407, 125.037, 569.233
722.901, 568.628, 654.338, 596.91
524.089, 569.574, 472.23, 588.072
456.61, 569.824, 412.598, 584.824
215.45, 570.717, 206.632, 575.669
276.433, 570.44, 257.561, 577.896
484.693, 571.046, 437.281, 587.659
57.7005, 571.364, 77.7998, 569.328
152.776, 572.632, 154.918, 574.683
504.349, 572.361, 454.298, 589.828
121.614, 573.153, 129.536, 573.89
733.168, 573.503, 663.95, 601.924
411.625, 574.553, 373.071, 587.655
393.367, 575.019, 357.552, 587.796
322.196, 576.236, 296.05, 585.553
754.203, 576.907, 684.083, 606.238
771.247, 577.822, 700.092, 608.292
695.375, 578.204, 628.7, 604.846
355.935, 578.554, 325.295, 589.032
713.968, 578.315, 645.935, 605.835
315.212, 579.041, 290.207, 587.46
261.676, 583.069, 245.525, 589.088
734.02, 586.737, 665.618, 615.478
750.32, 586.648, 680.381, 616.075
241.901, 587.293, 228.696, 591.964
853.055, 587.529, 778.359, 622.126
102.089, 587.952, 113.54, 586.638
870.43, 588.183, 796.339, 623.996
631.854, 589.481, 569.786, 612.822
336.023, 590.294, 308.879, 599.411
849.398, 591.051, 770.772, 625.28
88.7517, 591.823, 102.547, 589.7
870.766, 592.262, 796.331, 628.066
297.389, 592.83, 275.576, 599.846
306.302, 592.902, 283.344, 600.41
627.919, 593.285, 566.717, 616.585
64.2854, 594.013, 83.3279, 590.706
319.593, 596.957, 294.38, 604.489
625.301, 597.66, 563.884, 620.361
218.906, 600.646, 209.735, 603.543
793.215, 603.056, 721.104, 634.856
600.053, 604.423, 541.146, 625.684
347.144, 605.249, 317.893, 614.115
633.393, 607.36, 572.013, 630.21
512.335, 608.746, 462.13, 625.239
116.864, 608.952, 125.75, 606.549
445.02, 609.296, 402.407, 622.596
686.614, 610.05, 620.558, 635.66
488.447, 610.578, 441.202, 625.895
833.95, 611.007, 760.608, 644.842
365.79, 612.299, 333.928, 621.486
380.692, 612.697, 346.768, 622.441
241.179, 613.147, 228.342, 616.249
388.807, 613.077, 353.844, 623.415
455.213, 613.692, 411.547, 627.16
312.563, 614.116, 288.668, 620.833
685.85, 614.182, 619.879, 639.944
205.804, 615.421, 198.65, 616.573
324.461, 619.024, 298.802, 625.915
458.35, 619.253, 415.059, 632.67
475.543, 620.229, 430.003, 634.365
75.0915, 621.404, 92.6566, 616.616
329.019, 624.352, 302.532, 631.285
520.757, 624.409, 469.367, 641.067
459.34, 626.816, 415.038, 640.128
232.141, 627.455, 220.3, 629.248
152.081, 628.209, 154.231, 626.226
582.871, 628.734, 525.204, 648.358
483.944, 630.144, 437.034, 644.528
310.783, 630.465, 286.829, 635.76
228.558, 631.211, 218.619, 632.905
656.73, 632.995, 592.977, 656.566
620.653, 633.377, 559.909, 654.882
60.1896, 634.816, 80.2815, 628.035
404.356, 634.975, 367.214, 644.736
250.398, 635.854, 236.19, 638.236
42.0843, 636.529, 65.6076, 628.601
425.129, 636.807, 385.203, 647.79
110.362, 642.089, 120.796, 637.139
121.513, 643.646, 130.056, 638.908
177.474, 647.409, 176.239, 645.246
91.4316, 649.12, 105.233, 642.685
197.125, 649.719, 195.17, 645.632
231.576, 650.095, 220.642, 650.368
205.329, 650.452, 198.533, 649.365
307.414, 651.841, 284.297, 656.115
33.2889, 653.211, 58.9353, 643.54
73.4566, 658.918, 91.042, 650.758
50.8891, 664.406, 73.022, 654.638
734.094, 23.3925, 663.779, 52.0929
287.727, 24.0526, 263.199, 61.0925
565.968, 27.3376, 507.462, 59.3952
863.598, 26.5447, 788.633, 52.7879
143.673, 29.0548, 142.634, 68.9823
425.05, 31.9493, 380.467, 63.4029
40.4976, 32.6551, 58.9386, 72.6847
843.586, 33.9303, 768.162, 60.7779
109.248, 35.9969, 114.828, 75.0545
119.228, 36.5275, 122.878, 75.3918
171.038, 37.1181, 165.464, 75.2817
528.517, 41.1651, 473.133, 73.5795
196.265, 42.0131, 186.851, 80.0169
860.815, 44.0248, 785.37, 70.2604
411.239, 46.9717, 369.805, 80.9464
58.907, 49.0161, 73.7832, 87.8294
590.314, 49.3669, 529.795, 80.3454
191.036, 51.9158, 181.978, 88.9839
322.059, 52.0751, 292.28, 87.1414
307.78, 52.8873, 280.424, 88.1203
771.118, 57.0097, 698.938, 85.2857
182.941, 60.8474, 175.306, 97.2929
154.643, 62.5049, 153.125, 99.1157
694.98, 61.6853, 626.803, 91.2445
223.69, 64.0687, 209.232, 99.694
93.1124, 65.3486, 101.165, 102.608
325.012, 65.1637, 295.471, 99.873
707.01, 68.981, 638.323, 98.0155
647.543, 70.0985, 581.932, 100.198
616.462, 71.1745, 553.95, 101.781
425.229, 73.4161, 382.354, 106.319
176.779, 74.2324, 170.186, 110.09
102.989, 75.0339, 110.039, 111.689
230.778, 76.453, 214.88, 111.338
900.064, 79.0653, 824.463, 105.821
806.278, 81.0044, 733.033, 109.209
568.282, 83.8697, 509.97, 115.054
454.466, 86.0351, 407.567, 118.174
484.261, 87.2002, 434.178, 118.951
532.18, 87.1352, 477.132, 118.695
541.127, 89.7881, 484.636, 120.961
56.1218, 92.4205, 71.8667, 128.09
70.6075, 91.6722, 83.1909, 127.037
574.053, 91.7279, 515.155, 122.606
675.457, 92.1387, 608.977, 121.987
439.236, 95.1996, 394.142, 126.997
499.79, 97.3469, 447.601, 128.687
857.903, 100.566, 783.21, 128.393
394.183, 101.955, 354.951, 134.113
832.667, 101.854, 758.176, 130.065
751.889, 102.934, 680.326, 131.925
411.86, 105.453, 368.037, 136.104
836.997, 106.936, 762.267, 135.025
156.178, 111.276, 153.213, 146.1
712.322, 115.774, 643.314, 145.169
601.989, 116.663, 540.418, 146.884
610.252, 117.228, 548.102, 147.455
62.0342, 122.626, 76.8114, 155.584
639.193, 128.789, 574.548, 158.531
692.983, 128.786, 624.964, 158.476
521.242, 129.841, 467.371, 160.366
403.519, 130.716, 363.174, 161.772
505.871, 134.211, 453.424, 164.499
597.721, 134.824, 536.741, 164.904
139.012, 137.259, 139.796, 169.66
199.354, 138.176, 189.74, 169.715
148.757, 138.602, 147.873, 170.498
479.778, 138.716, 430.59, 169.235
103.173, 140.837, 110.451, 172.822
354.125, 143.092, 320.347, 172.862
622.007, 144.03, 558.501, 173.751
847.038, 144.936, 772.93, 174.011
873.208, 152.083, 797.53, 181.16
529.673, 153.778, 475.242, 184
692.195, 154.734, 623.714, 184.291
503.306, 157.199, 451.278, 187.042
197.016, 158.185, 187.694, 189.105
180.645, 161.072, 174.738, 191.374
322.758, 162.997, 293.255, 192.996
139.117, 166.215, 139.994, 196.273
285.713, 175.007, 261.824, 204.527
643.405, 177.814, 578.304, 207.333
60.125, 178.541, 75.5834, 207.886
715.771, 178.866, 646.457, 208.309
735.532, 180.523, 664.937, 210.119
893.4, 190.019, 817.942, 220.32
203.448, 191.708, 193.287, 219.944
666.383, 193.571, 599.978, 223.043
471.92, 194.972, 423.129, 223.828
872.801, 197.952, 797.556, 228.291
233.625, 204.364, 218.376, 232.024
51.5357, 205.854, 68.8099, 233.08
848.094, 205.734, 773.621, 235.959
430.718, 208.093, 388.054, 236.224
145.518, 211.371, 149.511, 240.203
410.39, 215.339, 369.224, 243.493
317.401, 217.233, 289.052, 244.69
484.929, 217.844, 434.805, 246.036
788.652, 219.611, 713.98, 247.97
283.778, 225.427, 260.788, 252.193
895.637, 224.691, 820.248, 255.322
896.085, 231.103, 820.23, 261.91
513.552, 231.909, 460.79, 259.858
599.254, 232.688, 538.226, 261.092
573.697, 235.361, 515.165, 263.382
170.495, 236.003, 166.232, 261.916
542.034, 236.665, 486.214, 264.819
148.815, 240.158, 148.459, 265.625
262.949, 240.143, 243.148, 266.108
445.022, 239.63, 399.726, 266.902
765.295, 241.526, 693.152, 271.534
798.796, 241.249, 725.805, 271.604
896.455, 241.377, 821.256, 272.651
746.278, 242.52, 675.572, 272.55
752.64, 241.968, 681.52, 271.861
793.615, 244.015, 720.743, 274.799
55.886, 245.713, 72.8675, 269.835
673.12, 247.05, 606.09, 275.961
554.557, 253.475, 497.093, 281.021
569.288, 255.527, 511.217, 283.338
337.584, 257.716, 306.739, 283.48
553.755, 259.329, 497.131, 287.238
618.082, 258.983, 556.012, 287.452
299.826, 260.648, 274.762, 285.891
429.809, 262.065, 386.846, 288.83
824.021, 268.487, 750.202, 299.349
98.9737, 272.016, 108.238, 294.223
280.25, 279.433, 258.282, 304.079
293.583, 278.923, 269.247, 303.123
75.8769, 279.521, 89.6728, 301.59
403.502, 286.3, 364.204, 311.579
594.42, 288.713, 534.133, 316.28
193.131, 291.107, 185.753, 313.568
617.273, 292.076, 555.339, 320.088
432.976, 293.045, 390.176, 318.657
376.021, 294.366, 339.908, 318.781
417.359, 294.744, 376.969, 319.731
637.209, 297.121, 573.473, 325.229
701.201, 296.67, 632.985, 325.957
255.023, 299.952, 237.234, 322.72
96.795, 301.227, 106.978, 321.947
537.649, 304.222, 482.961, 330.742
84.4574, 306.777, 96.7895, 326.664
208.996, 309.612, 198.37, 332.386
831.535, 311.594, 757.403, 342.788
82.568, 312.857, 95.1136, 332.479
442.237, 313.909, 397.988, 338.704
845.495, 316.957, 771.228, 348.841
54.3423, 318.043, 72.5909, 336.923
91.3095, 317.718, 102.561, 336.925
43.935, 319.122, 64.3842, 337.54
84.2334, 318.601, 96.5869, 337.546
632.514, 322.428, 570.299, 350.331
929.131, 324.366, 853.682, 357.94
113.05, 333.403, 124.034, 351.041
128.648, 341.038, 133.029, 359.156
835.865, 345.328, 761.817, 377.094
638.288, 347.953, 574.783, 375.786
269.89, 353.069, 250.607, 373.009
692.117, 353.64, 624.651, 382.268
829.049, 356.598, 754.968, 388.535
600.75, 361.553, 540.114, 388.22
525.108, 364.011, 472.119, 388.496
160.274, 367.353, 158.587, 383.199
186.425, 370.662, 179.93, 385.626
431.627, 370.997, 388.965, 393.298
699.209, 371.702, 631.395, 400.326
511.468, 372.742, 459.698, 396.803
112.01, 375.276, 119.826, 390.497
792.578, 375.581, 720.63, 407.515
646.994, 376.729, 582.554, 403.821
92.5006, 378.428, 103.431, 392.739
36.9856, 382.148, 59.1042, 395.49
578.128, 381.79, 519.809, 407.399
460.569, 385.132, 415.762, 409.239
493.729, 384.769, 443.783, 408.304
331.24, 386.03, 303.946, 408.647
898.353, 385.945, 823.046, 420.031
700.973, 389.272, 632.94, 418.161
489.649, 390.25, 440.254, 413.38
579.828, 390.904, 521.476, 417.233
425.887, 392.157, 383.872, 413.638
147.546, 397.922, 148.357, 412.088
23.1586, 399.127, 48.6283, 410.377
473.944, 400.19, 426.285, 422.608
317.161, 402.741, 290.526, 420.87
399.117, 403.162, 361.024, 423.389
744.66, 404.777, 674.125, 434.587
522.006, 406.007, 468.896, 429.37
863.906, 409.197, 788.695, 442.815
326.233, 409.525, 298.332, 427.565
397.726, 410.063, 359.776, 429.774
68.1792, 413.636, 84.5733, 425.421
52.8614, 419.828, 71.9222, 430.252
233.297, 423.125, 219.784, 437.999
272.768, 422.954, 253.124, 439.033
322.285, 423.164, 297.934, 440.563
301.054, 424.027, 276.734, 440.906
106.821, 425.133, 116.13, 436.93
61.1573, 427.318, 79.1972, 437.851
656.498, 426.939, 591.666, 454.379
341.033, 430.895, 310.974, 448.326
453.655, 431.56, 408.677, 451.924
504.842, 432.086, 454.189, 454.483
585.227, 435.466, 526.368, 460.042
665.188, 437.629, 600.128, 464.773
480.406, 439.448, 432.395, 460.619
670.548, 443.366, 604.797, 470.603
418.011, 449.22, 377.576, 468.095
494.046, 452.685, 444.479, 473.867
847.146, 452.848, 772.453, 486.347
278.425, 455.162, 257.615, 469.329
579.724, 454.625, 521.093, 478.453
267.029, 461.467, 247.965, 475.167
308.107, 461.169, 283.004, 475.847
156.002, 461.632, 156.438, 471.883
586.35, 466.146, 527.666, 489.869
641.991, 466.957, 578.722, 492.835
652.377, 466.627, 588.483, 492.955
29.9182, 468.103, 54.9029, 474.389
351.398, 470.204, 320.215, 485.792
93.1961, 471.596, 105.172, 479.151
233.776, 475.869, 220.734, 487.3
239.833, 476.315, 225.8, 488.623
402.682, 477.907, 364.417, 495.124
428.678, 478.208, 386.901, 496.33
88.4254, 479.918, 101.379, 486.668
322.929, 482.918, 295.711, 497.185
443.948, 482.613, 400.772, 501.091
479.658, 483.022, 431.927, 502.5
548.233, 486.739, 492.977, 508.813
49.0634, 488.006, 69.6873, 492.941
712.232, 488.43, 644.171, 517.164
475.164, 497.967, 427.968, 516.926
698.728, 498.01, 631.497, 525.52
155.537, 498.995, 155.104, 506.555
610.635, 499.13, 549.85, 523.44
60.5186, 499.821, 79.2903, 504.035
776.216, 501.035, 704.216, 532.066
494.759, 502.357, 445.81, 521.772
711.837, 504.434, 643.369, 532.65
165.83, 505.301, 164.575, 512.71
653.417, 510.053, 589.268, 535.609
278.072, 516.705, 258.304, 527.384
317.04, 523.999, 291.023, 535.466
271.293, 525.911, 252.234, 535.684
282.822, 526.903, 262.209, 537
611.122, 528.987, 550.682, 552.572
798.542, 528.668, 725.957, 560.505
820.333, 529.033, 747.089, 561.961
561.673, 531.089, 505.213, 552.465
840.044, 530.945, 765.87, 564.81
127.904, 533.065, 134.816, 536.848
603.299, 535.92, 543.159, 558.92
453.298, 536.836, 409.467, 553.774
495.707, 536.702, 446.395, 555.467
493.308, 541.08, 444.087, 559.069
159.669, 547.056, 160.063, 551.277
340.702, 552.555, 311.32, 563.857
139.948, 558.847, 143.957, 561.22
490.1, 562.068, 442.996, 579.229
673.871, 563.633, 608.189, 589.117
727.228, 564.822, 658.363, 592.864
53.5967, 566.72, 74.0918, 565.146
186.421, 570.834, 182.273, 574.264
356.892, 571.676, 325.933, 582.427
816.823, 572.467, 743.919, 605.404
179.462, 573.36, 175.827, 576.602
679.005, 573.222, 613.21, 599.044
169.881, 573.476, 169.115, 576.368
593.86, 574.324, 534.879, 596.014
603.147, 575.328, 543.773, 597.506
600.94, 580.257, 541.905, 602.36
312.175, 582.562, 287.971, 591.108
622.683, 585.319, 561.471, 608.248
84.4882, 587.013, 99.2079, 585.127
379.042, 590.618, 344.93, 601.355
365.507, 593.13, 333.907, 603.047
479.655, 596.744, 432.546, 612.046
695.856, 599.005, 628.978, 625.256
34.6703, 599.948, 59.8328, 594.39
367.214, 605.785, 335.217, 615.487
139.595, 606.763, 144.289, 605.562
626.853, 606.785, 565.475, 629.382
790.113, 607.891, 718.31, 639.376
330.44, 612.969, 304.213, 620.352
497.366, 613.962, 449.165, 630.099
373.048, 616.744, 340.097, 625.998
384.621, 617.295, 350.062, 627.064
772.314, 617.365, 701.765, 647.927
794.005, 616.549, 721.717, 648.017
339.774, 618.206, 311.207, 625.787
413.633, 619.622, 375.167, 630.538
768.332, 621.035, 697.687, 651.202
100.285, 623.288, 112.349, 618.937
464.519, 624.591, 419.85, 638.142
687.407, 624.981, 621.29, 650.784
248.47, 626.06, 234.689, 628.958
136.754, 628.925, 141.986, 626.044
244.99, 631.178, 231.491, 633.3
598.784, 633.294, 540.073, 653.588
25.0258, 634.074, 52.5029, 625.846
80.5089, 638.662, 96.8757, 632.711
33.2702, 640.437, 59.0837, 631.95
62.0549, 643.38, 82.4121, 635.823
76.3481, 642.517, 92.9137, 635.722
383.813, 643.118, 349.462, 651.645
452.398, 644.034, 409.482, 656.002
65.9915, 664.942, 85.0725, 655.843
388.527, 29.8233, 349.811, 64.6373
572.698, 32.6515, 511.855, 63.8718
139.86, 34.0887, 140.075, 72.8316
381.926, 33.7985, 342.299, 68.0164
417.982, 34.9437, 375.169, 69.1209
698.851, 34.7142, 629.945, 64.0257
405.743, 39.1025, 364.692, 73.8018
709.213, 40.1521, 639.975, 69.3795
75.6406, 54.6467, 86.7417, 93.1942
592.147, 60.0173, 532.026, 91.0137
404.305, 61.3388, 363.776, 95.0753
812.058, 63.3371, 737.95, 91.2235
393.847, 64.4688, 354.701, 98.0308
45.9469, 65.9995, 63.6377, 103.777
244.002, 75.7461, 226.544, 110.698
887.557, 79.6165, 811.947, 106.788
340.921, 82.0308, 308.369, 115.26
477.855, 82.147, 428.358, 114.371
291.421, 83.2842, 265.685, 118.364
212.906, 89.8036, 200.352, 124.144
45.8247, 97.0112, 63.6236, 132.327
432.894, 101.218, 389.053, 132.89
566.97, 102.717, 508.696, 133.272
58.1402, 110.698, 73.7179, 144.989
675.559, 124.075, 608.513, 154
206.702, 131.622, 194.887, 163.654
303.398, 133.813, 277.532, 166.687
883.883, 137.358, 807.984, 166.206
681.622, 138.958, 614.013, 168.469
456.959, 146.272, 410.062, 176.219
250.678, 155.322, 232.42, 185.788
153.671, 156.555, 151.834, 187.144
582.707, 157.308, 523.26, 187.438
704.68, 164.771, 635.44, 194.013
723.344, 164.96, 653.476, 194.218
390.964, 166.234, 352.012, 196.227
669.792, 168.203, 603.2, 197.83
446.185, 169.618, 400.411, 199.223
260.273, 172.736, 240.06, 202.471
854.591, 172.626, 779.926, 202.197
888.836, 173.44, 812.754, 203
291.851, 174.774, 267.391, 204.688
228.956, 179.023, 214.452, 208.367
745.913, 197.361, 673.552, 229.121
423.8, 202.851, 381.014, 231.594
715.142, 203.448, 645.582, 232.919
115.124, 204.62, 120.637, 232.174
348.155, 207.448, 315.887, 235.338
664.981, 207.866, 599.172, 237.202
37.5989, 212.858, 57.8949, 239.708
897.594, 218.432, 822.145, 248.899
58.6873, 231.037, 75.8867, 257.045
715.312, 232.015, 646.745, 261.729
415.409, 249.111, 374.329, 275.951
57.2908, 252.623, 74.1148, 276.089
576.734, 254.298, 518.178, 282.23
40.9104, 254.733, 61.3993, 278.043
491.245, 259.416, 441.034, 287.023
897.261, 259.032, 821.936, 290.564
711.611, 259.512, 643.057, 288.859
100.06, 261.016, 108.927, 284.6
464.229, 259.264, 417.198, 285.958
200.948, 266.135, 191.332, 290.234
659.31, 265.567, 593.727, 294.445
464.283, 267.631, 416.733, 294.308
393.753, 271.058, 355.392, 296.687
728.894, 271.061, 659.215, 300.46
780.164, 270.963, 707.797, 301.048
510.51, 272.296, 458.191, 298.835
472.095, 273.928, 424.282, 300.093
229.519, 286.185, 215.617, 309.59
358.28, 285.677, 325.076, 310.734
712.469, 287.042, 643.459, 316.615
152.189, 287.7, 151.061, 310.092
329.211, 288.884, 300.286, 312.937
448.689, 291.02, 403.473, 316.61
837.022, 291.358, 762.949, 322.347
607.392, 292.429, 546.409, 320.345
676.859, 298.828, 610.437, 327.634
521.179, 301.473, 468.196, 327.703
587.19, 306.405, 527.807, 333.678
494.873, 317.358, 444.546, 343.111
606.073, 317.161, 545.212, 344.767
459.929, 318.386, 413.117, 343.653
543.551, 327.046, 488.52, 353.093
142.267, 328.064, 143.782, 347.11
412.597, 328.89, 372.364, 352.389
704.632, 331.367, 636.068, 360.104
748.136, 332.107, 677.046, 362.106
814.711, 346.474, 741.394, 377.835
404.395, 353.687, 365.002, 375.703
759.68, 353.79, 688.438, 384.118
646.791, 355.064, 582.757, 382.78
781.76, 360.84, 709.748, 391.651
196.835, 363.711, 188.97, 381.68
421.7, 368.551, 379.77, 389.66
59.0406, 377.437, 77.4825, 391.45
80.3246, 378.208, 94.4725, 393.079
48.8972, 379.981, 68.6018, 393.844
198.818, 381.2, 190.752, 397.763
562.106, 381.071, 505.625, 406.179
170.369, 382.528, 167.002, 398.662
485.554, 383.713, 436.873, 407.069
516.322, 385.56, 463.754, 409.394
325.11, 389.666, 297.092, 408.43
636.337, 390.218, 572.962, 417.048
504.229, 395.153, 453.485, 418.891
812.727, 400.9, 738.835, 432.883
579.757, 403.73, 520.927, 429.537
631.431, 409.88, 568.25, 436.314
354.088, 410.543, 322.075, 428.499
575.363, 430.057, 517.713, 454.731
479.687, 433.194, 431.623, 454.615
819.465, 440.489, 746.238, 472.712
521.293, 440.963, 468.895, 463.397
55.9608, 445.922, 74.71, 453.612
120.654, 446.992, 127.379, 457.178
108.653, 451.133, 117.4, 460.685
160.913, 455.766, 160.103, 466.256
896.949, 456.312, 821.065, 491.597
869.948, 456.801, 794.531, 491.235
356.189, 459.428, 324.296, 476.329
463.609, 460.193, 417.881, 480.273
446.062, 461.068, 400.749, 480.006
173.42, 473.166, 174.008, 484.055
390.946, 477.197, 354.171, 494.045
77.4271, 481.36, 92.1371, 487.573
659.52, 494.905, 595.009, 521.049
229.806, 497.872, 217.782, 508.052
287.035, 504.243, 265.379, 515.845
745.843, 512.993, 675.496, 542.322
537.773, 520.828, 483.883, 542.004
87.5393, 531.558, 101.666, 534.312
86.2124, 538.622, 100.626, 540.762
719.306, 574.749, 650.954, 602.591
497.066, 589.617, 448.241, 607.015
659.084, 591.825, 594.966, 616.345
123.774, 597.917, 131.617, 596.815
437.116, 598.989, 395.597, 612.4
488.258, 603.8, 440.827, 619.263
323.219, 605.003, 297.724, 612.204
674.092, 605.283, 609.124, 630.301
316.791, 608.96, 292.185, 615.924
105.527, 612.81, 116.65, 609.841
869.064, 612.998, 793.718, 648.907
218.17, 618.421, 209.059, 620.205
730.98, 618.053, 661.868, 646.107
866.015, 619.465, 791.779, 655.289
508.201, 631.088, 458.548, 646.765
691.53, 25.3496, 623.433, 54.6437
193.579, 31.4653, 184.231, 69.3942
764.659, 36.5407, 692.318, 64.9853
155.676, 41.1372, 152.765, 79.0566
124.505, 50.1401, 127.055, 88.0239
574.446, 50.6071, 515.347, 81.9034
270.84, 61.9629, 249.588, 97.173
117.932, 64.1662, 121.886, 101.085
499.551, 68.1521, 447.752, 100.101
666.283, 85.2251, 600.549, 115.565
237.12, 90.7161, 221.288, 123.851
661.059, 91.2882, 595.525, 121.168
841.584, 94.9464, 767.104, 122.883
690.616, 99.3371, 622.473, 128.832
61.9975, 101.007, 75.5577, 136.136
301.143, 142.586, 275.007, 173.833
881.685, 145.709, 805.578, 174.613
94.6009, 149.751, 103.355, 181.055
739.986, 150.456, 669.61, 180.072
144.89, 158.929, 144.105, 189.887
318.326, 169.742, 289.136, 199.672
712.358, 170.869, 642.942, 200.087
366.413, 182.28, 330.68, 211.807
823.005, 186.139, 748.937, 215.869
317.144, 196.341, 288.82, 224.523
683.119, 202.657, 615.446, 232.221
525.334, 223.41, 470.934, 251.856
351.53, 225.637, 318.844, 252.722
503.44, 266.236, 451.974, 293.312
602.816, 284.299, 541.705, 312.228
371.571, 285.968, 336.168, 310.718
263.927, 289.164, 243.8, 313.032
316.886, 288.864, 289.285, 312.993
115.122, 291.371, 121.114, 312.791
330.631, 304.047, 301.601, 327.566
258.654, 307.565, 240.535, 330.159
524.966, 321.631, 471.399, 347.535
66.8853, 335.553, 82.932, 352.828
450.74, 338.542, 405.523, 362.52
700.865, 343.151, 632.792, 372.209
344.642, 365.258, 314.077, 384.428
346.882, 375.07, 315.913, 395.117
444.646, 386.94, 400.756, 407.941
555.568, 387.301, 498.937, 411.61
104.375, 390.951, 113.373, 405.687
294.29, 391.688, 270.152, 409.324
631.123, 397.653, 568.072, 424.852
785.604, 406.369, 712.853, 437.54
218.06, 412.308, 207.119, 427.638
697.736, 418.163, 630.137, 446.363
759.599, 418.829, 688.185, 449.153
756.202, 432.57, 685.198, 462.675
217.308, 433.88, 206.676, 447.88
635.21, 437.769, 572.393, 464.036
801.731, 442.078, 729.167, 473.717
587.366, 444.296, 528.321, 468.769
441.526, 451.099, 398.35, 470.504
770.335, 454.771, 698.286, 485.314
331.681, 459.151, 303.056, 475.021
396.975, 461.899, 359.627, 479.387
530.272, 470.577, 477.858, 491.241
412.714, 493.768, 373.053, 510.464
506.605, 516.643, 455.99, 536
353.584, 527.072, 322.001, 539.971
143.726, 542.217, 147.818, 546.786
309.672, 570.069, 285.841, 579.339
672.8, 615.658, 607.485, 640.4
323.242, 639.299, 297.14, 644.716
214.475, 655.279, 206.814, 654.172
585.902, 41.7965, 525.578, 73.0073
688.658, 42.227, 621.057, 71.881
91.6973, 55.8672, 101.951, 94.1079
528.657, 79.6198, 474.202, 110.901
715.849, 100.543, 646.582, 130.014
147.602, 101.987, 145.767, 136.197
667.793, 135.749, 601.452, 164.763
511.603, 143.82, 458.72, 174.652
821.924, 146.619, 747.945, 175.623
435.872, 165.732, 391.576, 195.176
768.196, 184.597, 696.131, 213.817
755.677, 191.067, 684.38, 220.528
363.312, 191.544, 327.909, 220.33
188.011, 205.482, 180.706, 236.109
264.055, 206.432, 244.184, 234.079
204.202, 224.323, 197.376, 252.623
340.096, 224.812, 309.412, 252.407
175.438, 226.116, 170.023, 252.329
38.0433, 231.468, 58.1225, 256.783
129.45, 243.33, 132.622, 268.269
862.473, 262.189, 787.473, 293.354
349.997, 270.451, 318.042, 296.174
653.277, 274.784, 588.502, 303.897
869.227, 283.434, 794.196, 315.444
128.228, 294.024, 132.02, 315.418
35.2427, 325.974, 56.7414, 344.363
532.197, 330.199, 478.443, 355.776
738.495, 334.535, 669.117, 365.563
353.232, 342.192, 320.753, 364.196
370.401, 341.701, 336.13, 364.105
506.463, 387.725, 455.48, 410.574
748.137, 392.059, 677.595, 422.301
69.7693, 438.732, 86.4652, 448.252
70.9864, 452.631, 87.0825, 460.87
376.156, 468.373, 340.473, 484.73
139.009, 488.406, 141.445, 495.797
125.421, 521.508, 131.749, 525.615
327.817, 521.52, 299.758, 535.054
113.316, 537.155, 121.599, 540.162
284.017, 547.37, 263.375, 556.226
758.428, 566.408, 687.788, 596.291
733.076, 579.263, 664.59, 608.261
188.364, 602.398, 184.046, 603.459
42.0651, 624.618, 65.1512, 618.194
498.161, 635.352, 449.972, 650.173
499.943, 46.9978, 447.816, 79.5723
211.787, 72.567, 199.928, 107.748
87.8954, 78.2089, 96.7928, 114.743
702.372, 146.469, 633.999, 175.964
161.109, 186.432, 157.678, 215.144
366.11, 230.771, 330.136, 258.322
551.864, 305.663, 495.998, 332.267
53.2582, 330.379, 71.923, 348.224
508.739, 366.328, 457.258, 390.315
887.33, 396.277, 811.822, 430.231
695.582, 399.635, 627.858, 427.782
708.946, 412.117, 640.649, 441.178
270.237, 438.248, 252.167, 453.591
490.252, 449.152, 440.611, 469.993
550.181, 482.035, 494.421, 504.581
853.215, 493.253, 778.513, 527.274
527.111, 507.289, 474.876, 527.69
743.36, 517.873, 671.874, 547.687
275.939, 638.262, 257.907, 641.19
42.8808, 49.0333, 60.7873, 87.8729
634.574, 52.0034, 570.716, 82.0844
264.313, 69.2677, 243.409, 104.02
508.63, 85.6167, 455.705, 117.414
619.495, 109.047, 556.366, 139.193
723.904, 134.156, 655.063, 163.625
130.096, 151.666, 133.849, 183.1
871.204, 168.582, 796.143, 197.888
201.336, 227.907, 191.107, 253.32
848.434, 302.409, 774.262, 334.405
698.37, 334.808, 630.368, 363.884
812.609, 428.532, 740.602, 460.298
831.905, 458.285, 757.941, 491.656
571.359, 504.385, 515.355, 526.361
691.627, 534.99, 625.146, 561.65
117.794, 626.305, 125.482, 621.796
671.058, 145.061, 604.417, 175.338
649.985, 259.277, 584.077, 287.094
511.901, 332.63, 461.026, 358.5
94.077, 552.907, 107.521, 554.33
81.4799, 572.597, 96.9298, 571.975
273.904, 607.188, 254.581, 612.363
116.044, 497.626, 124.182, 504.843
