614.958, 82.4013, 614.905, 82.3165
610.581, 86.154, 610.371, 86.355
387.726, 89.9802, 387.463, 90.126
397.967, 93.6097, 397.975, 93.5872
547.571, 93.4709, 547.913, 93.4156
536.352, 95.1848, 536.86, 94.989
419.779, 98.3263, 419.753, 98.4547
632.645, 99.873, 632.473, 98.9764
773.186, 101.354, 773.549, 101.083
584.23, 101.943, 584.442, 101.922
461.35, 102.486, 460.582, 102.019
474.312, 103.17, 474.276, 103.312
479.661, 103.892, 479.612, 103.882
650.537, 105.561, 650.697, 105.712
605.181, 107.305, 603.861, 107.588
450.488, 108.505, 450.634, 108.442
360.87, 108.894, 361.889, 108.398
527.812, 110.972, 527.024, 110.421
520.66, 111.871, 520.282, 111.901
350.168, 116.644, 349.893, 116.907
481.677, 117.907, 481.183, 118.011
623.701, 119.635, 623.62, 119.499
470.574, 123.506, 470.346, 123.347
574.26, 124.759, 574.077, 124.66
327.408, 125.798, 327.511, 125.822
561.869, 126.578, 561.82, 126.541
340.787, 129.62, 338.184, 129.631
325.863, 131.668, 325.869, 131.668
326.32, 136.222, 326.586, 136.16
617.891, 137.796, 616.202, 140.398
215.622, 138.234, 214.848, 138.423
346.793, 139.42, 346.376, 139.68
725.032, 139.747, 725.374, 142.573
593.336, 140.83, 593.453, 140.905
615.437, 144.174, 615.422, 144.123
514.424, 144.806, 514.848, 144.448
596.276, 146.118, 596.334, 146.114
209.225, 146.445, 210.444, 149.588
633.634, 153.87, 633.638, 153.77
640.933, 156.514, 640.764, 156.407
220.315, 157.076, 220.459, 156.811
274.782, 157.724, 274.854, 157.631
595.339, 159.592, 595.285, 159.649
633.105, 161.067, 630.095, 161.575
644.168, 161.593, 644.152, 161.534
727.87, 162.757, 727.582, 162.771
256.627, 164.006, 256.662, 163.977
295.888, 165.965, 296.083, 165.635
590.897, 167.722, 590.904, 167.794
583.123, 168.732, 581.941, 170.34
296.983, 176.037, 296.766, 176.069
312.048, 176.011, 312.175, 176.028
691.146, 177.99, 691.268, 177.95
627.196, 178.768, 627.345, 178.593
213.033, 179.789, 212.964, 179.79
338.277, 182.459, 338.181, 182.969
415.006, 183.133, 415.03, 183.373
564.637, 184.619, 564.944, 184.603
217.567, 185.903, 217.532, 185.653
415.56, 187.059, 415.539, 186.88
190.857, 187.907, 190.512, 188.007
437.9, 190.914, 438.03, 191.469
696.18, 194.67, 696.02, 194.596
566.14, 197.572, 565.763, 197.516
115.747, 198.609, 116.228, 198.35
601.867, 199.971, 602.063, 199.873
548.684, 203.137, 548.72, 202.937
215.344, 205.227, 215.402, 205.178
532.009, 206.389, 531.886, 206.636
630.672, 206.743, 633.969, 207.643
384.804, 208.488, 384.824, 208.472
769.462, 208.984, 769.479, 208.611
51.8134, 209.468, 52.078, 209.55
446.602, 209.869, 446.534, 209.992
548.289, 210.291, 548.349, 210.231
599.906, 212.896, 600.15, 212.856
398.059, 214.036, 398.17, 214.385
508.166, 214.344, 508.06, 214.273
655.876, 215.578, 656.302, 215.644
468.127, 216.287, 468.189, 216.384
437.349, 217.874, 437.03, 217.735
112.782, 219.443, 113.442, 222.073
461.665, 220.817, 461.996, 220.771
612.592, 224.065, 610.646, 224.59
260.801, 225.436, 260.901, 225.769
727.901, 225.645, 727.973, 225.808
196.7, 225.871, 196.996, 226.033
467.309, 226.738, 467.739, 227.426
274.394, 227.309, 274.515, 227.317
92.8387, 230.806, 93.0309, 232.338
236.166, 231.436, 236.698, 231.372
125.265, 232.458, 125.151, 232.593
661.049, 232.273, 661.185, 232.31
560.521, 232.755, 560.39, 232.614
710.08, 233.139, 709.981, 233.079
441.645, 233.333, 441.864, 233.057
589.088, 233.794, 588.424, 233.973
379.552, 235.124, 379.422, 235.2
388.048, 239.082, 388.161, 239.369
612.268, 241.389, 612.148, 241.318
440.982, 242.104, 440.941, 242.178
105.582, 243.617, 105.408, 243.543
123.383, 244.542, 122.977, 245.046
580.386, 245.045, 580.386, 245.158
163.902, 245.5, 163.654, 245.269
683.435, 248.005, 683.731, 248.118
560.205, 248.621, 559.995, 248.431
169.916, 248.975, 169.798, 248.782
189.998, 249.559, 190.003, 249.603
242.311, 251.383, 242.323, 251.399
348.221, 251.619, 348.208, 251.684
395.289, 252.487, 395.072, 252.787
255.459, 252.844, 255.283, 252.774
756.593, 252.922, 756.498, 252.848
389.945, 253.354, 390.071, 253.475
741.232, 253.541, 741.128, 253.546
679.416, 257.073, 679.478, 256.853
349.06, 260.305, 348.99, 259.885
721.599, 263.07, 721.668, 263.17
349.616, 264.514, 349.673, 264.834
327.32, 267.327, 327.487, 267.643
692.206, 267.906, 692.083, 268.071
259.632, 269.802, 259.493, 269.829
356.508, 271.325, 356.471, 271.164
385.922, 272.541, 385.945, 272.432
708.5, 274.633, 709.107, 275.115
367.075, 274.958, 367.092, 274.847
468.841, 278.126, 468.707, 277.834
516.477, 278.174, 516.501, 278.281
642.281, 277.829, 642.505, 277.816
477.357, 278.628, 477.236, 278.724
507.562, 279.457, 507.631, 278.979
435.093, 280.131, 435.713, 279.633
681.862, 282.768, 681.746, 282.993
688.853, 283.189, 689.138, 283.168
592.086, 283.37, 591.95, 283.184
703.662, 283.484, 703.419, 283.538
173.819, 284.065, 173.811, 283.913
471.933, 283.913, 469.475, 282.208
27.053, 288.062, 27.0628, 287.823
58.1439, 288.457, 58.1848, 288.317
575.464, 288.467, 575.725, 288.001
630.748, 288.975, 630.582, 289.062
151.901, 289.42, 151.992, 289.304
109.87, 289.809, 109.92, 289.786
598.212, 293.357, 598.105, 293.691
518.504, 293.8, 518.645, 293.62
606.532, 295.573, 606.314, 295.627
181.018, 299.482, 181.154, 299.399
519.026, 299.509, 519.065, 299.465
280.534, 299.931, 280.64, 299.856
448.007, 299.809, 447.962, 299.864
504.381, 302.581, 504.524, 303.043
757.522, 302.568, 757.478, 302.659
336.962, 305.265, 336.908, 305.257
771.577, 305.305, 771.667, 305.72
404.6, 306.645, 404.535, 306.663
581.808, 308.062, 579.306, 308.101
415.612, 308.865, 415.661, 309.054
207.863, 310.264, 207.838, 310.309
380.309, 312.053, 381.012, 311.528
389.419, 311.941, 389.335, 311.897
525.349, 314.593, 525.158, 314.477
213.764, 316.469, 213.86, 316.804
244.208, 316.55, 244.163, 316.902
55.4547, 317.403, 58.3113, 319.454
595.086, 317.442, 595.139, 317.011
67.3291, 318.464, 67.2684, 318.614
209.078, 319.269, 208.981, 319.285
169.753, 322.606, 169.834, 322.508
512.567, 323.179, 512.5, 323.007
288.558, 323.578, 288.471, 323.224
400.089, 324.191, 400.64, 324.181
629.223, 325.826, 629.416, 325.915
170.308, 326.842, 170.178, 326.881
334.643, 326.532, 334.594, 326.543
299.892, 328.537, 302.366, 326.121
431.448, 328.444, 431.503, 328.461
221.569, 331.119, 221.083, 330.974
62.3989, 333.142, 62.5979, 333.094
67.1327, 334.941, 67.4664, 334.753
237.994, 335.188, 238.004, 335.026
171.519, 336.893, 171.415, 337.064
216.133, 337.004, 216.603, 337.28
250.908, 336.859, 251.37, 337.202
441.929, 339.198, 442.442, 339.089
311.536, 339.607, 311.48, 339.472
712.004, 339.558, 712.605, 339.402
30.5898, 340.391, 32.613, 337.539
224.852, 340.455, 224.934, 340.599
278.559, 340.367, 278.608, 340.206
26.0006, 341.059, 26.1429, 340.897
178.092, 341.724, 178.169, 341.652
423.641, 343.939, 423.534, 343.856
251.244, 345.063, 250.847, 345.006
587.321, 345.41, 588.768, 346.294
675.729, 345.601, 675.535, 345.634
776.099, 345.837, 775.621, 346.185
88.5591, 347.121, 87.9751, 347.125
223.388, 347.573, 223.304, 347.506
553.285, 347.908, 553.354, 347.68
206.03, 349.012, 206.076, 349.577
173.283, 353.335, 173.185, 353.453
217.825, 353.353, 217.934, 353.41
353.062, 353.527, 352.901, 353.624
690.066, 353.607, 690.216, 352.354
363.63, 354.811, 363.704, 354.722
227.215, 356.588, 227.362, 356.281
398.245, 356.5, 398.25, 356.469
620.694, 356.566, 621.24, 356.95
668.398, 356.362, 668.384, 356.452
412.238, 357.398, 412.066, 357.502
173.899, 358.259, 173.895, 358.1
275.596, 358.864, 277.161, 358.737
118.342, 361.392, 118.115, 361.444
215.523, 361.461, 213.571, 359.316
735.951, 361.453, 736.158, 361.175
291.765, 362.139, 291.615, 362.292
763.888, 364.222, 764.033, 364.381
227.488, 364.429, 227.875, 364.4
562.321, 365.004, 561.925, 365.53
774.196, 365.355, 774.065, 365.348
703.73, 366.692, 703.568, 366.91
397.922, 369.476, 397.864, 369.566
372.488, 369.826, 373.013, 369.954
762.577, 371.591, 762.428, 371.339
534.379, 371.739, 534.507, 371.972
383.331, 372.379, 382.656, 372.119
497.918, 375.399, 497.754, 375.632
756.614, 375.828, 757.168, 375.91
31.4038, 378.185, 31.4337, 378.251
218.798, 377.977, 219.372, 378.094
412.212, 379.613, 412.765, 379.461
517.571, 379.83, 517.186, 379.567
481.136, 382.987, 480.68, 383.089
676.287, 383.077, 676.319, 383.293
113.453, 385.702, 112.687, 385.273
408.395, 386.057, 410.45, 385.817
69.4117, 388.011, 69.112, 388.147
699.607, 388.239, 699.423, 388.182
235.448, 389.484, 235.379, 389.499
676.489, 389.361, 677.635, 388.946
692.811, 389.453, 692.549, 389.346
739.6, 389.559, 739.898, 391.3
414.848, 390.338, 414.699, 390.452
526.909, 390.46, 527.258, 390.496
718.076, 390.849, 717.834, 391.047
238.121, 393.882, 238.136, 393.871
324.515, 395.298, 325.032, 395.126
612.021, 396.428, 611.589, 396.233
740.939, 396.835, 741.268, 396.69
374.002, 397.46, 374.564, 394.581
345.406, 398.177, 345.418, 398.061
701.388, 402.124, 700.97, 402.177
75.3811, 402.608, 75.3269, 402.552
483.265, 403.021, 483.582, 403.113
617.654, 402.855, 617.829, 402.697
736.328, 402.88, 736.499, 402.85
692.365, 404.203, 691.884, 404.13
710.804, 406.34, 710.614, 406.155
563.314, 410.47, 563.663, 410.428
766.93, 410.357, 766.911, 410.361
583.71, 412.577, 583.861, 412.987
592.602, 415.276, 593.052, 415.449
95.1264, 416.576, 95.1823, 416.9
547.903, 416.962, 548.005, 416.925
645.226, 417.978, 645.047, 418.03
361.014, 418.485, 361.013, 419.205
705.812, 419.665, 705.61, 419.733
359.112, 424.487, 359.132, 424.569
425.44, 426.367, 425.944, 425.663
665.743, 426.371, 665.863, 426.231
396.808, 426.794, 396.531, 426.532
471.12, 426.901, 468.701, 425.078
322.949, 429.852, 322.335, 429.963
587.411, 429.976, 587.255, 429.889
395.995, 430.957, 396.031, 430.911
549.889, 431.128, 549.562, 431.292
215.509, 431.459, 215.593, 431.984
760.536, 431.851, 759.997, 431.449
278.103, 432.442, 278.016, 431.882
708.652, 432.686, 708.483, 432.683
171.442, 433.602, 171.424, 433.456
413.31, 434.809, 413.272, 434.763
703.935, 435.572, 704.084, 435.391
474.983, 437.404, 474.719, 437.396
554.662, 439.173, 555.169, 439.634
292.229, 439.917, 292.606, 439.714
288.188, 440.484, 287.939, 440.261
48.4321, 442.523, 48.1538, 442.463
703.701, 442.526, 703.641, 442.9
556.519, 443.319, 556.514, 443.241
249.742, 443.725, 249.618, 443.438
412.763, 443.685, 412.703, 443.754
149.438, 443.761, 149.594, 443.679
596.023, 445.714, 595.916, 445.69
589.216, 447.739, 589.178, 447.735
739.991, 448.075, 739.768, 448.012
436.8, 448.642, 436.925, 448.679
678.911, 449.872, 678.861, 450.316
412.384, 450.803, 412.363, 450.776
615.035, 451.564, 615.087, 451.178
175.66, 452.319, 175.505, 452.501
494.205, 453.53, 493.745, 453.16
172.163, 453.818, 172.115, 453.263
639.239, 454.223, 639.379, 454.34
303.492, 454.567, 303.821, 451.852
273.463, 455.486, 273.327, 455.495
283.041, 457.093, 284.078, 456.982
414.149, 458.574, 411.813, 456.422
434.467, 458.44, 434.666, 458.629
555.083, 460.355, 555.083, 460.44
241.771, 461.66, 241.993, 461.793
576.475, 461.37, 577.562, 459.887
690.434, 462.435, 690.616, 462.474
309.196, 463.475, 309.379, 463.319
25.2021, 464.258, 25.2453, 464.122
640.926, 464.963, 640.734, 464.743
210.336, 470.366, 210.137, 470.686
659.927, 471.885, 659.74, 471.362
519.938, 472.605, 520.059, 472.478
743.543, 472.59, 743.557, 472.59
92.989, 477.314, 93.1652, 477.569
404.636, 477.417, 405.016, 477.375
548.912, 478.089, 548.875, 478.012
118.001, 480.852, 118.067, 481.15
217.934, 483.206, 217.949, 483.159
734.036, 484.448, 734.014, 484.493
668.904, 486.17, 668.858, 486.224
288.065, 487.238, 288.116, 487.255
281.352, 487.999, 280.319, 487.271
751.086, 490.181, 751.388, 490.264
357.935, 491.162, 359.916, 493.965
552.567, 490.907, 552.315, 491.119
302.65, 491.542, 303.282, 491.265
511.017, 491.346, 510.686, 491.879
683.999, 491.479, 684.058, 491.551
237.752, 492.591, 237.685, 492.744
54.0757, 492.906, 53.6648, 492.881
133.068, 494.515, 133.031, 494.564
172.186, 494.538, 173.27, 494.315
235.846, 500.388, 238.859, 501.603
760.783, 501.884, 761.195, 501.848
556.779, 502.521, 556.919, 501.992
730.993, 503.227, 731.99, 502.62
770.903, 502.967, 770.938, 503.067
632.408, 503.519, 632.484, 503.684
220.803, 505.005, 220.875, 504.345
227.582, 506.513, 227.52, 506.436
657.331, 508.964, 657.338, 508.781
309.694, 509.434, 309.661, 509.389
248.162, 514.558, 247.927, 514.462
743.568, 515.047, 743.554, 514.956
252.664, 517.965, 252.625, 517.98
216.821, 519.421, 216.485, 520.126
192.057, 521.539, 192.372, 521.227
578.596, 521.35, 578.584, 521.614
708.429, 528.95, 708.104, 529.009
328.628, 531.004, 328.506, 531.083
548.608, 531.402, 548.719, 531.583
190.141, 532.447, 190.043, 532.188
688.176, 533.507, 688.203, 533.907
397.863, 533.778, 399.386, 534
315.645, 535.652, 315.971, 535.732
381.922, 537.589, 381.902, 537.826
517.949, 537.5, 517.168, 537.155
419.947, 538.151, 419.879, 538.149
509.575, 537.82, 509.619, 537.85
545.916, 538.119, 545.795, 538.184
302.518, 540.651, 302.91, 540.366
620.959, 541.054, 621.032, 541.026
215.994, 543.8, 215.895, 543.937
581.735, 544.272, 581.933, 544.255
680.851, 545.005, 680.567, 544.997
670.3, 546.515, 670.242, 546.597
549.932, 548.135, 550.049, 548.457
713.188, 547.803, 713.083, 547.899
126.504, 549.184, 126.604, 549.235
396.399, 548.997, 396.281, 549.029
401.06, 551.561, 401.316, 551.401
693.07, 551.529, 689.907, 552.047
153.574, 555.273, 153.405, 555.33
711.818, 556.545, 711.964, 556.383
510.672, 559.285, 510.685, 559.377
710.624, 560.751, 710.511, 560.804
719.537, 565.603, 719.495, 565.742
543.565, 565.806, 543.49, 565.755
385.897, 566.544, 386.209, 566.354
34.8299, 566.88, 34.8589, 566.799
297.67, 568.593, 297.299, 568.531
675.815, 568.744, 676.2, 568.806
216.776, 569.522, 216.306, 569.417
207.712, 571.074, 207.848, 570.855
730.179, 570.944, 729.713, 571.044
659.47, 572.548, 660.419, 571.855
452.04, 573.576, 449.307, 573.045
363.726, 574.128, 366.068, 572.961
612.002, 575.088, 612.633, 574.922
625.96, 574.765, 626.123, 573.918
392.765, 575.334, 392.078, 575.022
491.418, 575.515, 491.455, 575.232
372.302, 578.621, 371.717, 578.59
222.449, 580.07, 222.798, 580.527
590.579, 583.687, 587.977, 585.75
119.482, 586.19, 119.523, 586.432
40.8922, 589.568, 40.832, 589.567
361.694, 589.573, 361.041, 589.382
365.428, 589.375, 365.663, 589.468
526.555, 589.384, 526.476, 589.488
485.556, 592.9, 485.694, 592.815
30.3471, 594.529, 30.3974, 593.939
492.666, 594.385, 492.673, 594.628
749.802, 594.787, 750.042, 595.028
348.39, 595.597, 347.659, 595.502
245.932, 595.883, 246.556, 595.961
512.933, 595.775, 512.611, 596.094
537.56, 596.243, 537.611, 596.25
419.085, 596.529, 418.012, 596.622
509.339, 599.291, 509.433, 598.77
742.11, 600.789, 742.136, 600.819
515.046, 601.64, 515.646, 601.532
293.45, 602.959, 293.665, 602.643
746.613, 604.052, 746.699, 604.256
739.975, 604.729, 739.907, 604.677
290.509, 605.201, 290.684, 605.624
467.292, 605.999, 467.028, 608.941
723.524, 606.421, 723.7, 606.573
758.969, 606.576, 758.995, 606.37
241.407, 607.044, 240.046, 606.961
526.293, 610.557, 526.476, 610.618
186.4, 611.756, 186.081, 611.818
584.984, 611.274, 583.301, 613.959
424.562, 611.872, 421.962, 612.175
623.146, 82.9754, 623.226, 82.9797
599.314, 85.1137, 599.099, 85.1514
592.956, 86.3167, 592.363, 86.3898
586.388, 90.6967, 587.099, 90.8322
424.138, 93.177, 424.325, 93.1972
406.817, 93.4473, 407.079, 93.439
540.904, 94.4842, 541.144, 94.5741
387.664, 95.9712, 387.67, 95.9097
554.137, 96.0565, 554.674, 96.0374
444.215, 100.317, 444.203, 100.261
596.563, 102.986, 596.908, 102.973
567.199, 113.522, 567.346, 113.498
475.994, 113.877, 475.601, 114.051
558.819, 114.703, 558.954, 114.633
546.45, 114.898, 546.469, 114.869
518.729, 115.391, 518.871, 115.329
511.424, 116.311, 511.617, 116.286
571.543, 117.148, 571.278, 117.082
542.378, 117.418, 542.469, 117.478
533.907, 118.686, 533.859, 118.671
526.043, 119.973, 526.116, 119.837
613.069, 120.162, 613.036, 119.973
564.212, 122.135, 564.316, 122.042
633.433, 121.855, 633.445, 121.98
555.631, 123.459, 555.582, 123.688
742.758, 124.958, 743.177, 124.936
539.287, 126.649, 539.359, 126.613
320.623, 128.617, 320.557, 128.66
331.132, 130.65, 331.431, 130.613
535.584, 130.155, 535.58, 130.108
573.493, 130.943, 573.544, 130.716
604.434, 133.707, 604.296, 133.743
277.021, 138.179, 276.857, 138.89
248.355, 139.27, 248.077, 139.183
322.308, 141.442, 321.901, 140.951
241.323, 143.014, 241.121, 142.923
324.874, 144.617, 325.087, 144.518
319.364, 145.197, 319.41, 145.195
263.389, 153.584, 263.267, 153.529
230.007, 158.39, 229.931, 158.426
259.452, 159.751, 259.538, 159.767
271.601, 161.841, 271.58, 161.942
194.176, 163.845, 194.559, 163.838
248.977, 165.404, 248.808, 165.392
271.903, 165.829, 271.676, 165.724
567.202, 166.39, 567.724, 166.774
561.083, 167.769, 561.084, 167.758
473.368, 168.538, 473.409, 168.685
618.569, 170.057, 619.354, 169.745
654.468, 172.508, 654.709, 172.322
257.938, 174.802, 258.081, 175.059
194.098, 176.385, 194.039, 176.116
684.582, 178.346, 684.452, 178.493
570.023, 182.381, 570.197, 182.34
691.979, 184.376, 691.578, 184.4
364.831, 192.827, 364.983, 192.846
297.347, 193.293, 297.423, 193.302
136.518, 195.661, 136.464, 195.603
644.058, 196.115, 644.333, 195.747
196.273, 198.855, 196.608, 199.026
253.844, 199.619, 253.917, 199.649
452.951, 199.643, 452.859, 198.011
245.279, 200.619, 245.441, 200.517
223.712, 203.327, 224.283, 203.143
432.87, 203.549, 432.859, 203.624
642.52, 203.61, 642.242, 203.904
69.9352, 204.995, 70.4341, 204.895
253.484, 205.56, 252.623, 205.733
207.535, 206.361, 207.244, 206.478
389.986, 207.176, 389.922, 207.013
48.4409, 207.77, 48.6298, 207.657
414.957, 209.302, 414.898, 209.228
659.589, 209.744, 659.784, 209.856
485.43, 211.006, 485.336, 211.2
440.578, 216.023, 440.525, 216.011
124.671, 217.448, 124.801, 217.447
725.927, 218.456, 725.859, 218.573
554.078, 220.558, 553.923, 220.269
585.3, 223.258, 584.879, 223.495
336.402, 225.179, 336.616, 225.529
378.343, 225.182, 378.556, 225.265
369.551, 225.647, 369.498, 225.614
704.877, 225.673, 704.802, 225.714
463.021, 225.844, 463.412, 225.887
450.246, 226.659, 450.074, 226.651
282.478, 228.09, 282.217, 228.064
339.174, 228.169, 339.073, 228.363
737.799, 228.176, 737.79, 228.62
343.744, 229.683, 343.911, 229.68
360.074, 231.027, 359.931, 231.13
454.043, 232.59, 453.946, 232.892
370.958, 236.822, 371.136, 236.852
457.439, 237.735, 457.393, 237.807
447.285, 238.113, 447.496, 238.098
728.499, 237.843, 728.564, 237.765
452.57, 238.475, 452.722, 238.523
344.374, 240.742, 344.462, 240.628
311.983, 241.004, 311.859, 241.06
604.818, 240.9, 605.068, 240.998
349.912, 241.388, 349.95, 240.972
379.353, 241.302, 379.431, 241.49
371.063, 242.851, 370.893, 243.096
250.302, 249.762, 250.513, 249.756
129.783, 253.162, 129.954, 253.07
159.923, 256.425, 159.88, 256.388
200.211, 256.498, 200.005, 256.824
454.159, 257.598, 454.469, 257.364
345.873, 258.071, 345.987, 258.211
640.251, 257.895, 639.915, 257.791
758.486, 258.089, 758.423, 258.105
154.921, 258.535, 154.83, 258.513
737.22, 258.607, 737.641, 258.501
61.9691, 259.288, 63.3195, 259.4
620.734, 259.416, 621.184, 259.564
280.881, 261.384, 280.759, 261.394
120.572, 262.156, 120.568, 262.475
132.316, 263.194, 132.05, 263.293
460.889, 263.137, 460.804, 263.079
574.544, 262.772, 574.547, 262.689
259.453, 264.207, 259.191, 264.315
625.227, 265.425, 625.101, 265.68
425.207, 266.849, 425.491, 266.788
431.09, 267.104, 431.111, 267.114
752.644, 267.117, 753.181, 267.097
149.04, 268.92, 149.108, 268.936
130.415, 269.526, 130.099, 269.665
428.356, 270, 428.518, 269.949
197.251, 271.662, 197.059, 271.562
71.1311, 272.28, 71.0198, 272.22
407.751, 272.847, 408.252, 272.766
262.922, 273.796, 262.962, 274.17
458.961, 273.773, 458.871, 273.763
100.922, 275.424, 101.163, 275.453
133.218, 276.154, 133.142, 276.201
286.382, 276.095, 286.23, 275.836
260.478, 277.063, 260.363, 276.481
369.659, 277.699, 370.164, 277.613
121.489, 278.959, 121.283, 278.697
343.963, 281.08, 344.036, 281.068
336.8, 281.276, 336.535, 281.275
669.979, 282.91, 669.677, 282.758
73.487, 283.353, 73.6645, 283.282
135.838, 283.727, 136.193, 283.915
68.4698, 284.942, 68.4635, 284.913
283.324, 286.212, 283.339, 286.111
687.323, 286.624, 686.958, 286.398
89.9114, 288.803, 89.8202, 289.086
554.673, 291.591, 554.649, 291.453
689.514, 292.838, 689.293, 292.798
124.256, 294.959, 121.115, 294.182
540.322, 294.902, 540.487, 294.613
56.1742, 295.632, 56.2455, 295.649
404.065, 297.367, 403.855, 297.828
185.498, 298.591, 185.379, 298.65
286.061, 298.977, 286.02, 298.899
626.96, 299.486, 626.772, 299.475
81.779, 300.711, 81.8211, 300.511
327.942, 302.979, 327.86, 302.669
524.585, 305.465, 524.48, 305.4
388.092, 307.892, 387.682, 308.522
56.3932, 308.984, 56.5825, 308.877
524.824, 310.176, 524.936, 310.156
42.7481, 319.645, 42.5199, 319.565
334.241, 322.564, 334.157, 322.406
413.619, 326.878, 413.666, 327.004
427.793, 328.659, 427.855, 328.633
692.669, 329.639, 692.446, 329.286
417.371, 330.061, 417.505, 329.89
774.548, 331.31, 774.689, 331.295
129.477, 332.508, 130.313, 332.341
661.934, 333.134, 661.704, 333.01
147.283, 334.357, 147.672, 334.563
50.7197, 335.564, 50.7139, 335.565
734.339, 336.374, 734.008, 336.173
633.448, 336.849, 633.448, 336.966
751.045, 345.521, 750.678, 345.055
158.783, 349.167, 158.797, 349.144
313.949, 350.99, 314.031, 350.992
75.0021, 351.34, 76.8713, 351.281
376.784, 352.37, 376.731, 352.686
587.585, 352.972, 587.429, 353.034
475.324, 353.816, 475.505, 353.804
100.58, 354.498, 100.992, 353.972
53.7575, 357.64, 53.7137, 357.628
201.937, 360.042, 202.092, 360.316
562.451, 361.313, 562.43, 361.207
121.87, 363.586, 122.188, 363.529
507.558, 368.621, 507.537, 368.578
526.411, 368.6, 526.386, 368.634
312.501, 369.933, 312.436, 370.132
244.626, 372.231, 244.795, 372.478
36.9094, 375.093, 36.9294, 375.077
126.729, 377.264, 126.57, 377.137
359.183, 379.129, 359.296, 379.089
36.3085, 379.422, 36.9055, 380.606
164.626, 381.998, 165.032, 381.619
343.029, 381.553, 343.277, 381.58
761.652, 383.094, 761.601, 383.299
237.721, 384.6, 237.786, 384.6
589.411, 384.63, 588.178, 387.502
57.9165, 387.687, 57.0903, 387.912
345.884, 388.513, 345.81, 388.606
249.468, 389.629, 249.894, 389.288
327.614, 390.159, 327.993, 390.115
611.97, 390.281, 612.012, 390.521
736.454, 394.28, 736.585, 394.362
647.116, 395.149, 646.725, 395.457
664.883, 395.039, 665.03, 395.009
533.756, 396.084, 533.868, 396.438
770.815, 397.732, 771.276, 398.048
106.414, 406.984, 106.527, 406.588
59.8286, 408.376, 59.7634, 408.242
73.4813, 408.484, 73.6163, 408.606
97.2855, 408.984, 97.2702, 409.19
606.47, 409.974, 606.737, 409.789
493.298, 410.364, 493.168, 410.456
311.194, 411.309, 311.206, 411.332
177.168, 415.936, 177.171, 415.993
163.167, 418.122, 163.061, 418.708
398.892, 417.947, 399.097, 418.02
609.393, 419.468, 609.503, 419.468
194.695, 423.501, 194.638, 423.461
76.0477, 423.783, 76.1334, 423.993
773.578, 426.349, 773.365, 426.457
650.156, 427.417, 650.307, 427.397
181.931, 427.811, 182.048, 427.926
389.74, 427.853, 389.16, 428.463
385.193, 428.258, 385.218, 428.189
112.854, 429.846, 113.141, 429.884
697.399, 431.572, 697.516, 431.544
122.512, 432.703, 122.581, 432.586
313.161, 437.358, 313.216, 437.3
321.027, 437.363, 321.062, 437.389
479.117, 437.896, 479.134, 437.672
616.714, 439.854, 616.546, 439.874
107.431, 441.988, 107.394, 442.087
42.8358, 443.59, 42.9835, 443.623
760.288, 443.309, 759.877, 443.599
605.173, 444.519, 604.913, 444.616
570.704, 446.004, 570.482, 446.014
722.276, 446.207, 722.317, 446.151
269.006, 446.342, 269.076, 446.387
477.203, 447.532, 477.311, 447.548
544.803, 447.824, 544.462, 447.874
313.509, 448.68, 313.598, 448.566
719.643, 449.535, 719.606, 449.672
389.876, 451.86, 389.916, 451.523
192.6, 453.669, 192.438, 453.456
447.97, 453.692, 447.95, 453.818
719.925, 454.595, 720.056, 454.482
313.926, 456.225, 314.035, 455.69
462.352, 458.411, 462.275, 458.356
147.184, 460.911, 147.036, 460.437
221.007, 462.323, 221.013, 462.281
313.87, 462.811, 313.853, 462.503
681.607, 462.945, 682.084, 462.573
201.419, 463.746, 199.44, 464.556
569.051, 466.029, 568.759, 466.286
196.186, 466.246, 196.022, 466.506
617.763, 466.687, 618.265, 467.234
342.2, 466.995, 342.349, 467.034
451.108, 469.333, 449.586, 469.586
26.1195, 470.419, 25.6262, 470.756
337.955, 471.263, 337.798, 471.278
566.572, 471.641, 566.637, 471.902
572.152, 471.98, 572.198, 471.907
725.363, 475.503, 725.446, 475.507
677.119, 477.126, 677.065, 477.102
773.649, 481.047, 773.594, 480.979
152.305, 483.242, 152.3, 483.328
743.133, 483.061, 743.175, 483.1
250.539, 484.739, 249.015, 484.927
312.587, 484.631, 312.424, 484.492
316.567, 484.861, 316.2, 484.098
295.897, 486.359, 295.113, 486.32
661.6, 486.392, 661.643, 486.407
678.926, 487.644, 678.809, 487.624
689.098, 489.335, 689.188, 489.19
673.134, 490.124, 673.061, 490.072
243.792, 492.163, 244.12, 492.147
591.306, 499.882, 591.18, 500.018
76.5842, 500.606, 76.7203, 500.428
320.395, 502.42, 320.855, 501.657
289.546, 507.75, 289.701, 507.669
466.487, 509.632, 466.362, 509.471
686.022, 510.027, 685.768, 510.12
450.621, 514.9, 450.288, 514.538
415.627, 515.594, 415.691, 515.636
627.46, 516.001, 627.546, 515.845
129.963, 519.343, 129.843, 518.989
452.297, 520.077, 452.276, 520.121
328.962, 523.325, 328.769, 523.359
547.688, 524.811, 547.748, 524.942
627.92, 527.837, 627.795, 528.104
760.128, 528.496, 759.626, 528.642
295.091, 535.792, 294.677, 535.033
623.098, 537.922, 623.09, 538.013
776.458, 540.906, 776.461, 540.871
374.612, 542.423, 374.53, 542.474
507.748, 543.731, 507.64, 543.642
572.112, 544.911, 571.994, 544.984
483.854, 546.04, 483.882, 546.399
554.052, 547.997, 554.035, 547.939
372.896, 548.722, 372.719, 548.712
596.005, 549.182, 596.293, 549.095
375.066, 552.151, 374.839, 552.337
528.876, 552.231, 528.756, 552.314
225.032, 553.318, 225.249, 553.199
523.64, 553.806, 523.112, 554.141
314.204, 554.326, 314.046, 554.316
756.984, 554.934, 756.618, 555.044
296.631, 555.472, 296.122, 556.012
405.463, 555.362, 404.986, 555.556
695.165, 556.398, 694.706, 556.187
720.073, 561.879, 719.968, 561.794
155.833, 563.698, 155.961, 563.418
754.108, 563.342, 753.947, 563.753
390.774, 565.356, 391.136, 565.832
381.933, 566.258, 381.892, 566.177
373.374, 567.835, 373.37, 567.785
556.27, 569.046, 556.47, 568.9
107.322, 569.944, 106.679, 569.994
426.818, 570.149, 427.17, 570.122
161.893, 573.256, 162.312, 573.521
774.372, 574.115, 774.388, 574.054
669.961, 574.623, 670.132, 574.864
675.081, 574.492, 675.063, 574.65
208.338, 574.964, 208.222, 574.967
534.087, 576.655, 534.022, 576.569
349.042, 579.071, 348.977, 578.936
650.981, 579.156, 650.968, 579.156
640.03, 580.752, 640.032, 580.945
653.135, 582.08, 652.997, 582.499
490.461, 583.307, 490.328, 583.359
624.015, 586.184, 623.698, 586.299
448.329, 593.682, 448.112, 593.693
503.987, 593.4, 504.229, 593.29
764.207, 593.755, 764.166, 594.043
586.352, 595.129, 588.376, 594.577
433.345, 597.215, 432.964, 597.091
756.979, 597.683, 756.579, 597.594
704.035, 598.716, 703.887, 598.597
204.508, 599.921, 204.376, 600.074
334.08, 600.693, 334.499, 600.707
281.116, 602.814, 280.524, 602.674
601.075, 602.981, 600.796, 602.985
690.099, 605.788, 690.351, 606.038
139.514, 608.14, 139.285, 608.099
739.436, 609.016, 739.335, 608.961
337.504, 610.711, 337.833, 610.605
506.872, 612.009, 507.079, 611.875
774.032, 612.823, 773.853, 612.762
663.101, 613.562, 663.01, 613.753
735.283, 614.703, 735.425, 614.68
598.282, 615.16, 598.332, 615.093
445.608, 616.62, 446.219, 616.402
743.028, 616.566, 742.602, 616.387
594.866, 89.8909, 594.543, 89.7931
437.791, 97.9738, 437.393, 97.8496
391.097, 102.217, 391.125, 102.249
490.527, 102.42, 490.241, 102.366
505.986, 103.404, 505.583, 103.562
582.617, 105.288, 582.812, 105.282
419.341, 106.675, 419.472, 106.487
546.777, 107.133, 547.057, 106.994
702.312, 112.161, 702.262, 112.261
562.955, 112.292, 562.949, 112.331
643.286, 118.583, 643.355, 118.571
616.925, 119.103, 616.941, 118.981
637.516, 128.166, 637.551, 128.258
543.518, 128.567, 543.326, 128.303
739.798, 128.791, 739.808, 128.782
306.349, 131.07, 305.955, 131.171
299.856, 132.008, 299.357, 132.304
640.653, 143.916, 640.315, 143.995
725.029, 148.743, 725.46, 148.477
621.554, 151.891, 621.505, 152.04
622.724, 158.034, 622.711, 157.787
563.53, 163.287, 563.545, 163.251
623.166, 164.877, 623.304, 164.706
225.612, 165.709, 225.44, 165.788
260.551, 170.443, 260.544, 170.375
336.441, 170.72, 336.218, 171.124
275.423, 172.029, 275.249, 172.231
475.04, 174.46, 474.982, 174.431
616.424, 175.192, 616.539, 175.145
196.618, 186.436, 196.622, 186.311
543.274, 186.501, 543.348, 186.586
157.108, 190.827, 157.049, 190.947
124.108, 195.804, 124.019, 195.736
474.831, 196.031, 474.756, 196.06
397.949, 197.099, 397.963, 197.079
117.341, 218.729, 117.364, 218.715
472.045, 218.904, 472.062, 218.929
96.0291, 221.652, 96.2063, 221.619
553.062, 225.08, 553.079, 225.132
182.246, 236.393, 182.202, 236.399
733.035, 237.555, 732.751, 237.837
596.091, 238.035, 596.026, 237.912
109.249, 238.496, 109.225, 238.656
274.391, 243.033, 274.494, 243.08
226.291, 249.148, 226.242, 249.251
538.054, 251.364, 537.999, 251.282
351.819, 255.567, 351.834, 255.569
103.567, 263.541, 103.476, 263.46
751.222, 263.7, 751.479, 263.594
745.897, 265.044, 745.775, 264.903
699.473, 268.626, 699.134, 268.537
736.696, 269.614, 736.688, 269.605
62.1637, 273.727, 62.0264, 273.568
539.017, 276.43, 539.006, 276.455
267.683, 277.365, 267.748, 277.56
759.746, 277.56, 759.542, 279.612
72.1544, 277.914, 72.1272, 277.991
364.797, 278.076, 364.999, 278.046
495.873, 280.153, 495.778, 279.873
88.2168, 281.647, 88.5741, 281.637
496.234, 284.276, 496.171, 284.428
373.66, 285.488, 373.597, 285.444
239.523, 291.904, 239.376, 291.804
610.908, 295.033, 611.221, 295.358
555.834, 295.796, 555.873, 295.54
544.138, 296.986, 544.066, 296.933
707.846, 303.225, 708.107, 303.352
669.092, 304.764, 668.702, 304.022
426.404, 308.2, 426.574, 308.222
746.607, 311.483, 746.521, 311.104
85.4705, 311.871, 85.7189, 311.811
642.722, 314.279, 643.886, 314.49
286.97, 315.473, 287.091, 315.616
536.769, 318.291, 536.656, 318.271
593.237, 323.483, 592.721, 323.517
744.482, 323.322, 744.481, 322.988
156.19, 328.07, 156.201, 328.162
541.485, 330.14, 541.683, 330.24
431.131, 332.045, 431.15, 332.028
180.451, 338.733, 180.473, 338.775
462.569, 339.273, 462.404, 339.105
55.6598, 341.754, 55.7511, 342.051
23.1857, 344.127, 23.2145, 344.169
691.198, 346.953, 691.293, 347.033
235.826, 364.367, 235.496, 364.118
362.541, 366.825, 362.485, 366.833
233.059, 375.813, 233.113, 376.052
58.1208, 376.14, 58.0811, 376.064
670.953, 376.758, 670.849, 376.717
562.451, 382.04, 563.396, 382.586
431.014, 387.121, 430.866, 387.059
643.647, 391.868, 643.881, 391.77
595.896, 394.402, 595.926, 394.488
368.795, 394.838, 368.479, 395.002
26.4495, 397.181, 26.4963, 397.129
57.9175, 398.653, 57.8786, 398.701
430.795, 398.481, 430.793, 398.386
759.643, 398.452, 759.598, 398.457
734.508, 399.751, 734.387, 399.844
765.822, 401.624, 765.896, 401.597
226.348, 401.949, 225.907, 402.301
182.365, 406.974, 183.415, 407.124
748.051, 408.879, 748.151, 409.184
471.922, 409.981, 472.469, 409.526
668.836, 410.821, 668.696, 410.913
594.592, 411.626, 594.561, 411.56
734.697, 411.663, 734.742, 411.632
114.482, 412.08, 113.679, 412.239
646.569, 412.461, 646.357, 412.693
569.455, 413.892, 569.321, 413.868
707.62, 413.956, 707.327, 414.2
315.061, 417.304, 315.189, 417.377
500.128, 423.031, 500.139, 423.031
578.278, 426.668, 577.747, 426.623
433.533, 429.011, 433.78, 429.239
467.682, 428.985, 467.747, 428.972
590.646, 432.131, 590.497, 432.205
730.963, 432.159, 731.662, 432.068
595.545, 434.173, 595.081, 434.184
467.649, 434.713, 467.705, 434.657
317.22, 436.484, 317.219, 436.47
325.078, 436.419, 325.094, 436.652
306.916, 437.435, 306.315, 437.297
754.987, 438.74, 754.909, 438.668
491.896, 439.494, 491.448, 439.608
680.684, 440.316, 680.737, 439.99
571.011, 442.333, 571.014, 442.276
548.999, 445.103, 548.937, 444.924
252.657, 447.98, 252.724, 447.852
696.527, 454.494, 696.453, 454.425
124.935, 456.328, 124.865, 456.654
386.513, 458.021, 386.556, 458.606
317.252, 458.465, 317.118, 458.29
391.442, 458.651, 391.572, 458.645
559.961, 462.823, 559.797, 462.588
214.196, 464.389, 214.278, 464.34
265.433, 466.517, 265.416, 466.546
231.624, 467.452, 231.563, 467.399
303.386, 470.888, 302.946, 470.976
65.6097, 471.624, 65.5369, 471.843
504.747, 472.328, 505.227, 472.416
609.344, 472.094, 609.773, 472.071
99.0652, 473.029, 98.8407, 473.113
312.984, 473.621, 312.873, 473.59
770.813, 473.875, 770.906, 473.645
245.284, 473.974, 245.869, 473.84
684.459, 477.464, 684.386, 477.438
773.957, 477.269, 773.879, 477.293
718.593, 480.197, 718.599, 480.305
585.662, 480.564, 585.661, 480.525
137.652, 481.099, 137.769, 481.252
476.443, 480.709, 476.428, 484.253
177.215, 482.228, 177.171, 482.014
520.255, 484.693, 518.42, 486.42
73.716, 485.88, 73.7183, 485.903
384.333, 487.174, 384.12, 487.009
129.066, 488.798, 128.968, 489.004
371.512, 491.195, 371.213, 491.541
467.508, 491.461, 467.146, 491.047
573.01, 491.688, 573.244, 491.508
699.215, 493.012, 699.41, 492.969
185.109, 493.88, 185.33, 493.695
576.546, 494.224, 576.399, 494.404
740.213, 493.845, 740.093, 493.981
730.628, 494.859, 730.918, 494.613
87.4519, 496.298, 87.3735, 496.341
343.972, 498.422, 344.005, 498.564
661.213, 498.409, 660.993, 498.365
266.624, 499.069, 266.66, 498.99
423.605, 501.656, 423.239, 501.719
442.404, 502.504, 442.557, 502.573
525.899, 504.684, 525.785, 504.691
686.979, 505.08, 686.986, 504.945
589.935, 505.665, 590.008, 505.624
440.027, 506.862, 440.198, 506.868
318.172, 515.19, 318.03, 515.045
763.073, 517.65, 763.417, 517.467
755.417, 520.277, 755.451, 520.138
697.442, 521.222, 697.896, 520.773
441.006, 528.883, 440.938, 528.524
594.069, 529.569, 593.917, 529.675
314.528, 530.938, 314.592, 530.982
535.906, 531.082, 535.87, 531.162
366.165, 536.124, 366.216, 536.157
304.742, 536.889, 304.1, 536.909
180.169, 542.83, 180.164, 542.733
566.986, 542.814, 566.872, 542.785
590.686, 542.825, 590.685, 542.814
543.063, 543.417, 543.021, 543.389
333.483, 546.228, 333.575, 546.086
757.758, 549.66, 757.831, 549.621
275.538, 552.546, 276.089, 552.471
382.178, 554.474, 382.225, 554.451
380.069, 559.144, 378.87, 560.091
479.184, 560.64, 479.092, 560.663
517.761, 560.826, 517.421, 560.205
579.302, 561.81, 579.219, 561.655
693.162, 562.899, 692.343, 562.786
773.045, 563.994, 772.984, 563.933
315.572, 565.12, 315.598, 564.974
142.882, 565.479, 142.524, 565.476
495.801, 566.955, 495.816, 566.964
319.473, 567.555, 321.392, 566.779
28.045, 569.52, 28.1599, 569.605
753.746, 569.984, 753.583, 570.155
422.114, 571.109, 421.996, 571.224
272.152, 572.833, 271.999, 572.648
213.132, 574.51, 212.925, 574.333
434.385, 583.419, 434.052, 583.294
573.186, 584.122, 573.479, 584.29
706.393, 585.615, 706.655, 585.597
161.159, 586.784, 161.181, 586.76
120.717, 592.518, 120.833, 592.464
296.298, 596.181, 296.586, 596.162
693.498, 601.226, 693.46, 601.255
594.3, 603.629, 594.414, 603.457
733.113, 605.982, 733.247, 605.866
235.652, 609.025, 234.879, 609.185
734.842, 610.102, 734.885, 610.041
227.104, 611.95, 227.132, 611.811
678.959, 614.619, 678.702, 614.728
590.545, 615.513, 590.395, 615.576
632.996, 64.2285, 632.913, 64.3109
394.425, 75.6611, 394.456, 75.7095
568.593, 94.5201, 569.314, 94.2548
545.742, 97.2862, 545.925, 97.3331
519.469, 102.123, 519.364, 102.103
389.639, 130.884, 389.329, 130.684
331.74, 156.31, 331.814, 156.493
645.318, 167.07, 645.353, 167.061
664.359, 174.177, 664.282, 174.066
335.945, 176.012, 335.911, 175.336
191.952, 200.049, 191.972, 200.058
661.795, 203.437, 661.793, 203.378
477.093, 206.226, 477.033, 205.945
669.439, 207.324, 669.527, 207.351
554.079, 211.393, 553.991, 211.343
393.923, 211.95, 393.971, 212.194
265.966, 216.363, 265.786, 216.431
668.126, 216.075, 668.144, 216.187
693.906, 218.007, 693.987, 218.045
83.6529, 220.126, 83.4439, 220.201
570.212, 222.037, 571.541, 222.729
107.416, 229.236, 107.318, 229.376
199.932, 237.377, 199.401, 235.548
78.7974, 243.815, 78.8453, 243.759
744.878, 247.535, 744.896, 247.382
599.096, 251.987, 599.354, 252.13
617.706, 252.606, 618.042, 252.837
705.129, 253.923, 705.377, 253.992
753.222, 258.445, 753.129, 258.404
61.7485, 263.135, 61.827, 263.104
761.599, 263.907, 761.66, 263.851
417.26, 266.822, 417.303, 266.815
619.608, 268.031, 619.017, 268.392
175.164, 270.09, 175.072, 269.862
669.249, 275.412, 668.975, 275.398
532.59, 276.402, 532.577, 276.22
146.257, 277.819, 146.108, 277.93
103.828, 286.419, 103.805, 286.429
253.019, 289.976, 252.939, 290.068
109.284, 295.262, 109.411, 295.152
638.742, 295.025, 638.582, 294.955
302.704, 297.798, 302.342, 297.924
256.77, 301.865, 258.02, 300.685
401.191, 302.711, 401.389, 302.667
216.674, 304.62, 216.482, 304.718
176.275, 310.049, 176.291, 310.038
170.685, 310.653, 170.654, 310.656
161.741, 317.727, 161.749, 317.7
678.232, 317.87, 678.131, 317.768
26.1924, 320.22, 26.204, 320.192
771.995, 319.897, 771.941, 320.293
629.463, 320.69, 629.458, 320.616
665.17, 323.014, 665.472, 322.864
567.418, 326.014, 567.399, 325.862
514.495, 327.425, 514.338, 327.48
660.195, 328.015, 660.182, 327.92
608.174, 329.278, 607.839, 329.137
400.079, 331.121, 400.099, 331.144
479.842, 331.249, 479.975, 331.302
708.979, 330.571, 709.014, 330.718
557.48, 331.744, 556.9, 333.461
547.926, 335.055, 547.859, 335.057
168.724, 340.038, 168.681, 339.99
295.284, 348.006, 295.307, 347.98
630.939, 348.811, 630.973, 348.852
550.919, 350.546, 550.777, 350.59
49.875, 354.181, 49.833, 354.157
556.083, 355.003, 556.123, 354.979
707.1, 360.3, 707.351, 360.453
31.3179, 365.836, 31.3517, 365.758
175.702, 367.871, 175.709, 367.846
353.622, 370.542, 354.005, 370.365
697.293, 370.71, 697.271, 370.693
389.774, 371.559, 389.569, 371.515
401.229, 373.413, 402.157, 376.779
504.671, 373.36, 504.742, 373.446
353.348, 376.228, 350.181, 375.956
610.854, 378.983, 610.888, 379.041
669.755, 381.601, 670.005, 381.641
487.541, 382.754, 487.796, 382.957
383.43, 399.652, 383.346, 399.437
388.773, 399.168, 388.793, 399.155
251.624, 402.921, 251.825, 402.718
605.197, 405.633, 605.128, 405.581
713.177, 410.959, 711.823, 411.316
26.8747, 416.899, 26.8102, 416.965
774.004, 417.673, 773.804, 417.705
727.345, 419.851, 727.326, 419.873
442.913, 428.178, 443.01, 428.206
55.0836, 437.125, 55.1071, 437.122
451.066, 440.057, 451.071, 440.072
220.073, 447.93, 220.18, 447.928
451.99, 448.25, 451.915, 448.281
396.839, 454.355, 397.002, 454.45
299.18, 455.372, 299.629, 455.38
636.275, 460.27, 636.36, 460.084
619.226, 461.99, 619.169, 461.778
609.984, 466.889, 610.098, 466.908
686.121, 468.051, 686.131, 468.202
87.0119, 474.086, 87.036, 474.157
632.248, 474.283, 632.208, 474.278
706.987, 474.978, 707.1, 474.957
486.427, 480.155, 486.263, 480.205
35.4276, 481.039, 35.7135, 480.854
623.689, 491.913, 623.811, 491.981
105.959, 494.849, 105.93, 494.877
354.164, 495.089, 354.129, 495.172
96.4117, 497.014, 96.1603, 496.974
446.928, 499.123, 447.055, 499.102
91.1902, 501.674, 91.2361, 501.591
482.73, 502.817, 482.887, 502.933
323.165, 523.499, 323.418, 521.718
406.306, 535.195, 406.291, 535.109
562.244, 540.103, 562.238, 540.106
327.179, 542.015, 327.255, 541.995
742.01, 543.908, 741.973, 544.082
621.943, 546.232, 621.827, 546.444
433.462, 552.982, 433.362, 552.98
254.618, 561.103, 254.495, 561.167
110.272, 567.107, 109.831, 566.955
669.749, 579.26, 669.779, 579.021
599.605, 583.761, 599.619, 583.732
148.035, 586.24, 148.082, 586.186
776.248, 585.601, 776.457, 585.533
738.196, 588.933, 737.674, 589.116
167.184, 604.195, 167.348, 604.169
636.731, 608.039, 636.975, 608.134
649.678, 610.829, 649.852, 610.811
395.155, 90.2104, 395.084, 89.9311
619.589, 125.041, 619.611, 125.081
227.767, 128.281, 227.831, 128.325
578.361, 129.977, 578.328, 130.013
592.299, 132.671, 592.289, 132.65
405.345, 134.904, 405.188, 133.989
343.162, 148.575, 343.047, 148.659
635.943, 149.164, 636.077, 149.27
474.286, 154.265, 474.492, 154.592
206.935, 159.362, 206.905, 159.397
728.351, 172.982, 728.763, 172.422
656.516, 177.808, 654.079, 176.957
583.44, 180.098, 583.345, 180.154
667.253, 181.238, 667.261, 181.258
660.22, 185.871, 660.25, 185.781
424.951, 196.493, 424.915, 196.273
216.174, 198.738, 216.194, 198.911
393.225, 201.14, 393.19, 200.87
439.695, 206.383, 439.257, 206.051
271.647, 216.119, 271.576, 216.119
401.081, 219.348, 401.078, 219.409
502.518, 220.305, 502.746, 220.245
758.61, 219.928, 758.64, 219.819
428.328, 221.266, 428.331, 221.329
709.019, 221.022, 708.953, 220.937
266.141, 223.21, 266.115, 223.241
395.869, 225.707, 395.829, 225.813
423.104, 227.36, 423.108, 227.246
733.092, 227.773, 733.096, 227.727
204.037, 230.945, 204.077, 230.952
402.503, 231.599, 402.405, 231.206
704.818, 232.298, 704.837, 232.48
390.389, 233.468, 390.397, 233.472
365.85, 235.889, 365.849, 235.98
604.352, 235.981, 604.189, 235.773
398.685, 249.129, 398.66, 248.986
449.01, 256.259, 449.241, 256.156
270.183, 257.233, 270.219, 257.195
202.72, 261.143, 202.937, 261.171
195.28, 264.242, 195.326, 264.243
768.144, 267.19, 768.219, 267.127
531.066, 270.351, 531.073, 270.347
631.438, 272.095, 631.329, 272.185
677.722, 272.463, 677.71, 272.428
401.304, 272.557, 401.2, 272.613
115.207, 274.107, 115.437, 273.988
494.722, 274.919, 494.724, 274.894
772.198, 275.066, 772.215, 275.062
682.847, 276.682, 682.858, 276.672
716.695, 280.452, 716.71, 280.317
546.567, 282.14, 546.547, 282.294
558.554, 283.733, 558.35, 283.946
755.376, 288.238, 755.112, 288.192
546.091, 290.782, 546.094, 290.797
323.218, 297.626, 323.204, 297.72
522.49, 301.592, 522.511, 301.557
510.719, 302.72, 510.77, 302.787
245.782, 304.246, 245.86, 304.289
421.546, 306.84, 422.895, 306.158
70.1926, 307.741, 70.3212, 307.728
216.713, 310.958, 216.748, 311.001
171.896, 316.491, 171.891, 316.462
397.806, 318.213, 397.787, 318.143
352.082, 319.18, 352.055, 319.132
545.38, 319.853, 545.746, 319.91
672.27, 321.129, 672.272, 321.444
325.9, 322.975, 325.955, 323.109
519.126, 326.007, 519.194, 326.149
195.923, 330.908, 195.936, 330.97
28.1204, 337.251, 28.13, 337.114
45.1986, 348.732, 45.2216, 348.737
463.3, 350.09, 463.45, 350.086
770.778, 351.808, 770.521, 352.039
204.321, 364.17, 204.318, 364.116
194.411, 365.473, 194.339, 365.401
26.7974, 371.607, 26.6257, 371.628
493.458, 377.07, 493.478, 377.108
630.9, 381.399, 630.877, 381.196
491.309, 389.836, 491.241, 389.915
542.278, 390.454, 542.308, 390.416
209.526, 401.932, 209.682, 401.873
235.8, 407.151, 235.803, 407.602
204.336, 409.092, 204.371, 409.088
218.619, 413.835, 216.693, 416.46
310.002, 421.205, 310.001, 421.087
229.629, 425.82, 229.622, 425.864
549.33, 425.81, 549.097, 425.984
195.942, 428.039, 195.877, 428.126
218.033, 427.532, 218.025, 427.532
237.454, 427.95, 237.459, 427.966
206.853, 428.494, 206.78, 428.484
361.47, 435.825, 361.368, 435.855
47.1246, 438.592, 46.9107, 438.695
394.568, 443.413, 394.565, 443.443
301.182, 465.023, 301.726, 464.923
215.921, 487.738, 215.774, 487.648
750.656, 495.172, 750.685, 495.208
676.721, 495.96, 676.895, 495.91
126.828, 497.654, 126.937, 497.718
459.155, 507.558, 459.28, 507.507
448.566, 508.641, 448.67, 508.745
416.172, 526.878, 416.182, 526.768
409.862, 529.058, 409.847, 529.073
377.33, 532.084, 376.904, 532.177
366.89, 542.945, 366.993, 542.93
594.477, 541.859, 596.703, 540.82
262.559, 557.687, 262.672, 557.605
562.313, 564.684, 562.11, 564.888
725.01, 572.627, 725.021, 572.638
226.857, 578.909, 226.879, 578.836
740.501, 582.683, 740.514, 582.623
403.951, 584.959, 403.971, 585.024
605.576, 586.014, 605.743, 586.346
289.415, 600.947, 289.294, 600.938
765.923, 605.221, 765.859, 605.192
629.751, 80.9942, 629.719, 81.0022
606.961, 117.46, 607.11, 117.523
243.214, 137.559, 243.327, 137.55
215.647, 145.564, 215.888, 145.203
215.554, 155.097, 215.319, 155.28
641.688, 174.189, 641.807, 173.995
343.409, 179.723, 343.753, 179.772
679.301, 179.593, 679.304, 179.677
776.187, 185.291, 776.167, 185.343
462.363, 189.464, 462.391, 189.465
432.962, 198.819, 432.921, 198.818
355.118, 203.791, 355.226, 203.779
765.058, 212.956, 764.981, 212.978
388.178, 218.264, 388.193, 218.346
677.269, 231.702, 677.203, 231.34
687.672, 249.915, 687.697, 249.994
471.491, 258.057, 471.484, 258.012
650.494, 266.067, 650.269, 266.142
474.227, 272.075, 474.227, 272.1
62.7968, 279.535, 62.793, 279.561
501.05, 281.073, 501.059, 281.019
675.772, 287.955, 675.839, 287.914
221.91, 290.631, 221.856, 290.603
61.2486, 292.665, 61.3081, 292.611
251.642, 296.652, 251.67, 296.653
338.009, 299.853, 337.98, 299.848
223.552, 305.528, 223.609, 305.616
529.386, 324.939, 529.405, 324.91
149.028, 327.4, 148.993, 327.028
244.707, 337.648, 244.735, 337.711
360.419, 336.706, 360.36, 336.671
481.917, 339.574, 481.979, 339.745
551.687, 341.794, 551.662, 341.869
228.56, 346.561, 228.589, 346.816
37.0833, 353.912, 37.0183, 353.825
94.1716, 357.927, 94.2507, 357.884
61.1146, 362.897, 61.2867, 362.789
556.178, 362.58, 556.107, 362.563
517.975, 367.004, 517.739, 367.066
230.544, 369.265, 229.002, 371.286
498.974, 369.378, 499.004, 369.365
727.988, 410.833, 728.216, 410.967
253.588, 414.353, 253.688, 414.654
196.566, 418.681, 196.527, 418.64
186.083, 420.107, 186.151, 420.33
174.152, 421.727, 174.092, 421.662
651.205, 423.166, 651.17, 423.229
410.041, 429.858, 410.084, 429.828
461.841, 437.642, 462.026, 437.711
653.137, 463.854, 653.036, 464.041
479.786, 473.932, 479.83, 473.938
596.645, 479.385, 598.541, 481.614
498.45, 491.203, 499.459, 491.26
769.101, 506.815, 769.012, 506.89
315.5, 508.066, 314.908, 508.006
438.335, 513.185, 438.392, 513.172
456.031, 572.066, 455.79, 572.014
497.124, 582.07, 497.107, 582.018
623.696, 582.698, 623.688, 582.515
586.178, 600.892, 585.885, 601.137
146.633, 604.366, 146.662, 604.242
461.403, 603.561, 461.719, 603.756
344.666, 615.362, 344.852, 615.288
615.952, 90.6777, 616.008, 90.6388
397.023, 99.4975, 397.051, 99.4976
425.429, 117.868, 425.303, 117.83
444.324, 124.564, 444.444, 124.517
615.879, 124.796, 615.736, 124.763
373.522, 125.316, 373.266, 125.445
341.392, 134.433, 341.295, 134.447
357.672, 136.966, 357.696, 137.239
569.29, 138.741, 569.424, 138.603
467.143, 163.951, 467.276, 164.104
736.459, 178.212, 736.405, 178.529
544.75, 206.905, 544.821, 209.402
191.201, 233.801, 191.345, 233.75
374.969, 238.312, 374.965, 238.238
220.025, 245.062, 219.867, 245.05
546.55, 253.054, 546.457, 253.025
194.513, 258.833, 194.488, 258.826
436.112, 257.352, 436.15, 257.376
697.353, 258.659, 697.337, 258.72
27.9403, 278.697, 27.8236, 278.387
231.351, 285.923, 231.353, 285.852
611.704, 290.71, 611.882, 290.657
718.778, 329.003, 718.645, 329.12
422.331, 340.212, 422.6, 340.101
247.652, 354.605, 247.656, 354.602
612.155, 354.363, 612.593, 354.338
70.5982, 363.991, 70.491, 364.413
538.123, 364.394, 538.501, 364.096
586.955, 379.544, 587.147, 379.485
123.656, 392.181, 123.058, 392.505
244.157, 407.501, 244.167, 407.479
317.491, 429.711, 317.529, 429.729
419.943, 429.615, 419.933, 429.744
474.198, 431.673, 474.104, 431.741
381.338, 434.495, 381.368, 434.391
528.586, 433.645, 528.645, 433.576
250.066, 454.259, 250.136, 454.192
245.102, 466.281, 245.265, 466.33
400.829, 480.221, 400.301, 480.271
223.123, 486.825, 223.218, 486.686
610.106, 515.937, 610.18, 515.812
331.735, 541.214, 331.757, 541.23
398.033, 541.247, 397.811, 541.18
373.383, 571.944, 373.521, 571.885
751.101, 590.96, 751.268, 590.966
301.544, 597.7, 301.898, 597.872
638.456, 87.7516, 638.462, 87.383
403.931, 112.323, 403.696, 112.405
390.941, 113.099, 390.94, 113.133
658.293, 113.601, 658.33, 113.639
721.586, 159.361, 721.558, 159.239
263.749, 179.546, 262.556, 179.716
445.914, 204.685, 445.903, 204.87
308.824, 258.192, 309.02, 260.07
708.215, 269.6, 708.296, 269.53
533.739, 284.038, 533.772, 284.11
697.708, 292.771, 697.542, 292.806
598.858, 318.496, 598.786, 318.504
341.581, 321.746, 341.743, 321.64
578.236, 337.965, 577.797, 337.876
417.602, 354.417, 417.776, 354.297
598.696, 375.837, 598.681, 375.877
391.408, 421.438, 391.463, 421.638
430.43, 421.941, 430.444, 422.037
470.578, 446.33, 470.481, 446.257
736.895, 452.404, 737.012, 452.388
340.382, 455.95, 340.082, 455.982
764.638, 459.184, 764.812, 459.205
605.894, 462.067, 605.982, 462.034
294.227, 475.183, 294.534, 475.152
329.215, 552.86, 329.331, 552.861
416.217, 559.718, 416.244, 559.491
327.504, 567.204, 327.787, 567.146
753.236, 578.284, 752.735, 578.18
695.778, 587.62, 695.811, 587.681
343.574, 590.944, 343.426, 590.928
656.939, 129.908, 656.928, 129.91
180.304, 199.149, 180.35, 199.162
110.676, 209.488, 110.373, 209.48
673.206, 212.433, 673.281, 212.495
88.1746, 238.51, 88.1987, 238.507
294.705, 270.917, 294.776, 270.912
182.462, 271.793, 182.414, 271.869
159.896, 290.468, 159.773, 290.421
538.921, 310.76, 538.891, 310.868
281.71, 311.156, 281.684, 311.087
297.742, 321.498, 297.765, 321.562
548.39, 361.587, 548.269, 361.538
333.505, 392.412, 333.468, 392.303
47.0258, 421.661, 47.0541, 421.645
259.499, 440.584, 259.511, 440.604
659.172, 480.99, 658.807, 481.703
327.946, 512.839, 326.808, 512.495
639.655, 102.87, 639.653, 103.073
515.599, 124.907, 515.737, 125.122
418.503, 259.049, 418.526, 259.102
235.473, 298.163, 235.509, 298.298
61.4049, 342.617, 61.4851, 342.714
210.002, 348.785, 209.862, 348.732
259.862, 370.299, 259.926, 370.704
155.289, 410.526, 155.219, 410.344
322.376, 449.075, 322.356, 449.062
424.2, 523.997, 424.157, 524.006
367.922, 562.227, 367.762, 562.169
584.101, 117.412, 584.094, 117.355
163.276, 225.976, 163.263, 225.895
299.754, 249.018, 299.863, 249.005
561.372, 334.513, 561.367, 334.479
150.898, 376.279, 150.942, 376.55
507.376, 385.174, 507.393, 385.18
336.067, 424.892, 336.015, 424.857
483.815, 425.124, 484.068, 424.839
348.182, 448.524, 348.176, 448.455
449.482, 479.954, 449.727, 479.862
427.294, 108.324, 426.553, 108.141
556.491, 130.843, 556.522, 130.788
653.017, 236.035, 653.442, 236.491
453.09, 420.587, 453.099, 420.64
428.207, 452.068, 428.165, 452.08
395.143, 519.115, 395.294, 519.193
688.164, 225.282, 688.155, 225.314
141.945, 240.756, 142.002, 240.788
315.426, 239.204, 315.296, 239.249
363.253, 307.507, 363.403, 307.438
534.119, 353.345, 534.269, 353.47
371.024, 406.053, 370.971, 405.902
329.512, 480.49, 329.418, 480.475
310.888, 293.136, 310.855, 293.095
193.161, 389.629, 193.273, 389.638
507.714, 406.308, 507.697, 406.347
280.35, 450.066, 280.352, 449.931
