402.71, 232.131, 402.515, 231.549
426.75, 312.255, 427.532, 312.487
554.902, 370.264, 552.658, 369.918
379.8, 372.545, 380.217, 372.989
353.215, 376.05, 351.116, 375.645
171.584, 412.732, 173.81, 412.836
604.303, 101.927, 605.952, 101.526
646.298, 166.18, 645.256, 167.131
408.344, 189.167, 408.362, 188.636
421.201, 214.617, 422.002, 217.191
110.979, 221.171, 111.481, 221.104
428.265, 221.591, 428.311, 220.807
266.26, 224.411, 266.197, 223.259
407.249, 224.602, 407.311, 224.598
365.737, 237.421, 365.865, 235.97
424.182, 238.59, 426.924, 239.41
744.234, 249.418, 744.865, 247.704
261.868, 251.394, 262.919, 254.014
257.291, 258.516, 257.458, 259.047
357.787, 261.77, 357.509, 260.094
406.95, 265.917, 406.665, 267.697
695.886, 270.831, 695.736, 270.368
359.22, 272.029, 359.148, 273.981
677.299, 271.865, 677.862, 272.087
494.547, 275.427, 494.697, 274.932
482.428, 277.014, 482.157, 276.577
364.294, 278.835, 364.78, 278.008
509.75, 290.199, 510.767, 293.017
181.413, 296.422, 182.466, 299.313
522.63, 303.334, 524.875, 305.427
188.51, 309.179, 188.199, 308.723
177.05, 310.666, 176.412, 310.076
216.534, 311.952, 216.799, 310.873
49.4217, 312.913, 50.1322, 312.896
194.45, 314.845, 194.132, 313.926
183.241, 316.025, 183.239, 315.265
171.836, 317.536, 171.983, 316.545
160.763, 319.194, 161.294, 318.125
184.839, 331.342, 185.041, 332.947
430.737, 330.987, 431.161, 332.225
414.295, 333.415, 414.256, 333.774
191.134, 336.638, 191.216, 337.176
168.496, 339.475, 169.017, 340.13
219.976, 339.029, 221.426, 337.234
208.252, 340.39, 208.235, 339.577
303.712, 346.786, 303.961, 346.992
209.699, 356.661, 209.769, 357.549
198.622, 358.052, 198.635, 358.716
188.074, 359.321, 188.145, 359.871
176.645, 360.936, 176.767, 362.009
530.849, 370.896, 531.103, 367.71
543.28, 372.382, 543.443, 371.457
712.969, 410.691, 711.998, 411.302
229.457, 426.738, 229.579, 425.855
217.781, 428.172, 218.097, 427.68
195.023, 428.851, 197.106, 427.171
206.722, 428.986, 206.953, 428.495
41.839, 446.053, 42.6732, 443.712
354.068, 577.674, 355.767, 578.816
337.141, 600.344, 334.548, 600.779
335.313, 607.475, 335.616, 607.139
419.188, 103.37, 419.426, 102.893
636.787, 150.485, 636.589, 149.82
620.087, 155.438, 623.343, 155.791
206.282, 158.333, 207.146, 159.619
679.399, 180.952, 681.973, 182.092
417.895, 184.833, 420.495, 186.077
548.884, 187.248, 548.882, 185.256
462.188, 189.207, 462.035, 189.586
155.751, 190.444, 157.059, 190.963
123.058, 195.263, 124.123, 195.914
424.796, 194.998, 425.051, 196.771
681.284, 196.886, 681.443, 198.343
668.859, 198.701, 669.289, 200.759
400.005, 206.447, 399.489, 204.55
388.076, 218.814, 388.191, 218.593
202.575, 230.765, 204.341, 230.931
436.458, 231.494, 436.322, 233.766
267.047, 238.05, 267.257, 237.629
366.678, 245.777, 367.041, 247.627
126.28, 248.384, 124.473, 249.623
174.795, 249.979, 174.649, 247.337
687.738, 251.261, 687.671, 249.876
164.981, 252.122, 164.689, 251.547
426.092, 254.294, 425.723, 251.884
401.487, 273.05, 401.481, 272.508
473.305, 274.035, 474.1, 272.222
63.244, 280.148, 62.765, 279.566
353.634, 280.122, 353.983, 279.399
242.203, 289.265, 242.542, 288.631
683.969, 290.572, 683.507, 291.08
250.987, 296.447, 251.331, 296.623
503.33, 311.59, 503.486, 310.092
512.842, 317.585, 511.647, 316.742
218.047, 325.94, 218.258, 326.756
360.434, 336.032, 360.839, 336.916
228.39, 346.401, 228.527, 346.305
558.348, 353.532, 556.097, 355.064
30.8785, 362.661, 31.2425, 365.701
492.948, 390.043, 490.969, 389.587
218.7, 398.985, 216.198, 400.229
174.443, 421.97, 174.222, 421.637
365.223, 544.633, 366.883, 542.711
629.256, 79.947, 629.801, 80.9808
397.159, 99.5138, 396.911, 99.5084
329.718, 128.55, 328.301, 125.587
342.357, 134.493, 341.748, 134.171
244.828, 135.838, 243.097, 137.588
356.087, 201.711, 354.805, 203.637
478.849, 201.547, 477.276, 199.687
763.412, 213.559, 765.001, 212.972
501.543, 222.224, 502.479, 220.245
548.911, 222.128, 549.38, 222.025
550.429, 233.979, 549.553, 233.521
547.278, 252.678, 546.633, 252.894
436.648, 256.471, 435.973, 257.413
194.367, 259.087, 194.728, 258.798
340.57, 261.311, 341.148, 262.013
464.719, 267.479, 464.971, 267.47
546.27, 277.136, 546.14, 277.576
684.064, 278.741, 682.327, 276.815
231.396, 285.972, 231.318, 286.067
674.291, 289.006, 675.656, 288.319
62.2947, 292.039, 61.3088, 292.724
246.241, 338.84, 244.446, 336.902
519.34, 365.914, 518.413, 366.856
499.702, 367.312, 498.858, 369.553
199.31, 400.319, 197.155, 402.569
187.903, 420.526, 186.015, 419.951
205.656, 419.433, 208.281, 421.208
53.1684, 436.133, 55.0509, 437.115
373.039, 452.878, 371.783, 452.365
246.204, 466.845, 244.636, 466.31
768.371, 508.126, 769.472, 506.603
438.335, 513.546, 438.356, 513.325
398.032, 540.678, 398.329, 541.125
638.672, 88.201, 638.502, 87.4554
613.164, 91.1426, 615.431, 90.6542
405.082, 112.146, 404.247, 112.261
568.124, 138.657, 570.567, 138.953
445.753, 204.348, 445.787, 204.549
660.288, 219.184, 661.019, 219.227
448.247, 227.087, 445.879, 226.622
375.951, 237.4, 374.886, 238.275
182.718, 272.062, 182.341, 271.962
380.153, 271.044, 378.94, 273.724
698.702, 292.959, 698.626, 292.72
556.529, 300.604, 555.439, 300.009
526.153, 328.05, 524.661, 326.532
287.403, 335.687, 287.694, 335.798
417.338, 355.168, 417.097, 354.502
249.676, 355.165, 247.26, 354.594
72.356, 364.041, 70.8032, 363.373
231.209, 395.766, 233.125, 397.842
407.191, 430.175, 410.209, 429.534
300.528, 434.899, 301.899, 434.881
380.487, 435.947, 381.19, 434.581
765.059, 459.201, 764.467, 459.301
416.474, 559.446, 416.138, 559.533
328.693, 567.935, 327.636, 567.544
489.362, 110.842, 486.251, 111.344
179.296, 199.209, 180.333, 199.125
198.781, 202.297, 199.5, 203.732
674.168, 213.191, 672.938, 212.131
88.5902, 239.744, 88.2825, 238.528
363.568, 266.394, 363.947, 266.701
538.973, 310.769, 538.869, 310.619
325.191, 315.651, 324.821, 316.339
317.06, 334.31, 317.85, 333.541
481.539, 389.901, 481.905, 390.25
333.28, 392.155, 333.605, 392.541
47.6279, 421.24, 47.1955, 421.691
432.358, 421.846, 430.079, 421.728
260.675, 439.515, 259.406, 440.216
604.605, 462.086, 605.998, 462.049
380.077, 542.813, 379.924, 542.406
639.667, 102.426, 639.749, 102.968
619.08, 109.485, 619.698, 109.091
236.385, 166.906, 236.458, 165.923
675.933, 189.41, 676.033, 189.621
463.491, 203.889, 463.53, 203.722
272.763, 234.22, 272.776, 233.343
418.284, 258.893, 418.333, 259.149
161.973, 288.715, 161.512, 289.159
235.697, 298.263, 235.512, 298.031
61.4574, 342.31, 61.2281, 342.427
208.787, 348.915, 209.8, 348.839
479.589, 455.433, 479.825, 455.098
424.312, 524.619, 424.103, 523.839
584.588, 117.419, 584.358, 117.408
299.875, 248.217, 299.774, 249.145
561.45, 334.316, 561.411, 334.581
507.66, 385.769, 507.139, 385.456
154.831, 410.745, 155.412, 410.427
335.921, 424.581, 336.376, 425.308
484.368, 424.923, 483.322, 425.281
348.42, 448.196, 347.973, 448.522
652.369, 235.742, 652.645, 236.129
149.031, 374.837, 151.173, 376.706
453.016, 420.171, 453.041, 420.545
428.407, 451.52, 428.234, 452.109
395.251, 519.215, 395.053, 518.887
413.44, 226.026, 413.563, 226.207
688.348, 225.151, 688.215, 225.153
142.104, 240.685, 142.01, 240.709
314.965, 238.488, 315.515, 239.244
363.727, 307.461, 363.102, 307.33
533.265, 352.307, 534.263, 353.373
371.057, 406.279, 370.98, 406.201
329.714, 480.624, 329.582, 480.812
310.983, 293.566, 310.931, 293.227
193.347, 389.333, 193.226, 389.528
442.124, 397.49, 441.975, 399.241
