367.334, 23.0668
65.1366, 23.304
706.705, 24.3915
586.404, 24.9305
824.605, 25.1032
213.66, 26.0113
801.641, 26.5114
570.598, 27.2037
576.956, 28.3541
202.541, 30.7976
761.953, 31.612
129.776, 31.7334
276.821, 32.0483
513.563, 32.5623
757.103, 33.056
89.8466, 34.5103
866.31, 36.3914
630.511, 37.1965
561.287, 37.4403
571.167, 37.54
552.706, 38.6443
602.681, 39.3651
469.092, 41.5016
523.595, 42.6646
106.44, 42.7197
770.592, 43.1954
678.087, 43.4655
702.356, 43.2961
222.254, 43.9841
445.176, 43.8484
390.446, 45.4145
235.978, 46.5259
345.217, 46.445
423.612, 46.3833
365.15, 48.7739
208.936, 49.3276
174.211, 50.8468
272.341, 51.191
876.412, 51.4233
421.145, 52.1951
114.164, 54.1415
887.398, 53.9493
319.501, 55.517
171.161, 55.8468
555.745, 56.1346
199.418, 56.6524
916.094, 56.3209
764.959, 57.3266
785.947, 58.1671
329.575, 58.5952
831.598, 58.3529
397.478, 59.0747
730.952, 58.995
722.305, 59.8328
843.535, 59.8202
459.364, 60.6472
655.148, 61.115
165.536, 61.7265
609.438, 61.3144
783.392, 61.2884
727.604, 62.2057
49.8668, 62.3836
211.138, 62.4023
371.289, 63.1549
843.494, 63.0773
789.564, 63.6349
191.019, 64.1921
600.092, 67.4505
792.647, 67.8293
728.995, 67.7585
162.291, 69.5605
475.842, 69.9072
393.641, 73.5611
454.797, 73.4001
505.234, 74.1813
762.494, 74.3056
794.178, 74.3698
458.676, 75.3379
799.95, 78.2995
609.096, 78.8344
627.804, 79.1297
412.511, 80.7322
163.304, 82.0186
146.679, 82.5756
716.049, 83.5484
762.881, 83.6344
771.455, 84.0173
726.067, 85.179
156.925, 85.5292
353.047, 85.5413
659.385, 85.4785
139.239, 86.6899
624.573, 87.5982
218.812, 87.8651
880.291, 88.0961
759.663, 88.588
184.135, 88.8789
882.972, 90.0058
784.43, 91.1862
831.598, 91.4185
403.311, 92.6701
752.336, 92.5993
689.41, 92.8712
585.249, 93.5457
49.7678, 93.9131
323.563, 94.645
812.748, 94.3603
756.39, 95.3726
513.383, 95.9069
594.521, 96.1163
664.55, 96.0282
506.647, 96.6356
354.807, 98.8123
339.36, 100.11
399.548, 103.032
390.181, 105.379
757.997, 105.374
689.324, 106.257
249.916, 107.802
547.566, 109.012
631.632, 109.311
804.383, 113.986
178.343, 114.36
207.844, 115.402
837.884, 115.528
674.381, 115.867
386.042, 117.559
423.551, 117.562
110.986, 118.669
325.816, 120.515
444.222, 120.415
540.515, 120.459
612.081, 121.99
798.859, 122.468
562.395, 122.904
599.937, 123.415
557.549, 123.874
498.532, 125.117
605.577, 124.916
376.986, 126.442
398.483, 127.385
476.45, 127.331
421.896, 130.582
614.187, 130.841
67.7409, 131.448
162.297, 134.967
333.714, 135.427
749.186, 135.796
889.257, 135.962
245.821, 138.448
238.163, 139.538
403.008, 140.384
552.643, 142.473
765.392, 145.163
676.617, 146.345
47.9531, 146.933
74.1385, 147.395
244.02, 147.31
689.996, 147.976
292.68, 149.27
720.549, 149.044
591.09, 149.525
652.77, 149.647
547.491, 150.241
324.419, 151.664
157.201, 152.813
635.671, 153.02
747.516, 153.503
375.962, 154.241
643.46, 155.661
298.748, 156.386
650.374, 156.399
492.77, 157.059
601.993, 158.139
424.555, 158.546
430.636, 159.768
192.012, 160.339
333.362, 160.998
506.74, 161.01
235.584, 163.347
284.677, 164.041
741.393, 165.293
45.9815, 166.64
265.652, 166.31
62.302, 167.642
454.179, 167.566
528.766, 168.784
927.66, 168.629
613.923, 169.731
477.374, 171.813
539.209, 172.311
24.5256, 172.3
546.013, 173.068
834.29, 174.009
556.764, 174.299
713.085, 175.11
415.897, 175.97
823.345, 175.864
336.352, 176.999
720.009, 177.696
877.02, 177.903
594.046, 178.375
478.427, 179.353
28.416, 180.124
386.271, 179.906
400.697, 179.987
471.833, 180.155
837.783, 180.004
760.196, 181.067
629.506, 182.395
136.013, 184.325
480.359, 185.429
386.117, 187.001
521.649, 187.058
597.379, 187.061
273.277, 187.52
333.112, 188.435
250.889, 189.608
278.889, 190.6
503.295, 190.863
838.689, 190.656
266.581, 190.871
118.512, 192.5
743.573, 193.278
444.126, 194.276
117.46, 195.087
208.465, 195.089
661.469, 195.056
654.192, 196.287
487.741, 197.086
70.3362, 197.445
432.229, 198.187
771.588, 198.601
687.085, 199.7
149.184, 201.338
436.321, 200.839
854.085, 200.946
398.404, 201.225
547.94, 202.913
622.085, 202.982
679.101, 203.165
140.464, 206.407
741.912, 206.382
781.144, 207.232
773.608, 208.903
645.202, 209.314
687.377, 210.381
197.173, 210.873
163.192, 211.467
539.042, 212.209
652.135, 211.833
267.375, 212.398
200.363, 214.454
166.543, 216.176
577.446, 216.406
449.405, 217.881
274.5, 219.459
370.766, 219.463
377.603, 219.293
185.132, 220.493
223.081, 220.307
95.9973, 221.443
549.351, 223.074
742.025, 222.993
221.928, 223.352
707.147, 224.516
420.045, 228.473
833.858, 231.189
919.684, 233.065
191.215, 233.519
100.665, 235.154
524.391, 234.878
820.935, 234.92
514.955, 236.055
704.356, 235.835
509.926, 237.067
723.59, 236.833
349.79, 237.61
547.008, 237.398
558.765, 237.374
737.349, 237.976
745.765, 238.224
756.706, 238.141
297.43, 238.643
838.801, 239.147
698.122, 239.978
645.36, 241.628
689.937, 242.084
82.645, 242.453
465.707, 243.561
319.066, 243.902
353.167, 244.177
564.969, 243.965
150.036, 244.593
530.6, 245.013
404.596, 246.171
120.008, 246.51
281.643, 246.736
781.117, 246.997
179.006, 247.44
74.6119, 248.542
137.743, 249.235
268.65, 252.045
821.984, 252.229
763.023, 253.095
382.318, 253.412
714.853, 253.422
621.987, 254.506
342.943, 255.152
736.532, 258.083
856.452, 259.591
250.381, 260.44
728.042, 260.572
413.856, 263.487
536.856, 263.759
694.45, 263.271
638.469, 264.032
600.825, 264.462
761.629, 264.604
770.96, 264.75
574.637, 265.668
86.4735, 267.019
46.7088, 267.654
155.215, 267.644
297.421, 268.366
786.65, 268.654
524.628, 269.115
771.347, 270.259
421.094, 270.542
107.107, 271.081
60.8914, 272.127
74.2005, 273.776
212.023, 273.935
150.215, 274.542
762.913, 274.595
36.3765, 274.999
739.727, 275.208
259.226, 276.418
355.513, 277.14
476.137, 277.559
311.074, 279.368
389.904, 280.448
153.708, 280.889
760.372, 281.342
720.717, 281.825
106.735, 284.805
648.092, 285.302
398.522, 286.086
511.21, 286.138
287.989, 286.637
619.411, 287.057
519.088, 287.567
130.207, 287.959
615.357, 288.267
610.557, 288.797
720.27, 288.296
34.5912, 291.41
794.938, 291.328
602.896, 291.883
713.851, 292.41
762.936, 292.423
630.227, 293.061
452.545, 295.178
535.08, 295.119
825.334, 295.483
32.8726, 296.883
464.04, 296.571
568.34, 296.471
795.763, 296.659
870.969, 298.157
364.872, 301.732
863.326, 302.067
591.272, 302.625
238.326, 303.506
747.443, 303.502
856.064, 304.53
688.457, 305.022
680.578, 305.687
802.45, 307.692
866.513, 308.059
817.559, 309.287
290.419, 310.009
537.638, 310.304
576.372, 311.175
659.644, 311.274
708.341, 311.558
865.065, 311.372
119.312, 311.832
29.7772, 313.419
190.087, 314.093
437.304, 313.991
796.323, 313.936
47.0207, 315.936
526.822, 316.708
473.965, 318.327
614.774, 318.11
452.199, 320.02
158.959, 320.584
857.532, 321.338
625.666, 321.819
562.567, 322.702
516.124, 323.202
830.377, 322.822
133.393, 323.783
414.82, 323.712
403.584, 324.176
575.884, 324.292
715.93, 325.473
68.6141, 326.36
613.567, 328.46
548.551, 329.88
267.283, 332.837
460.565, 333.575
543.483, 342.418
680.276, 343.056
110.884, 344.638
163.119, 345.226
283.584, 345.909
417.999, 347.196
511.186, 348.596
843.691, 348.533
661.948, 349.025
247.69, 349.907
715.168, 349.946
146.21, 350.745
680.554, 350.364
57.6851, 351.113
669.747, 350.946
674.879, 351.329
825.385, 351.368
550.153, 352.608
288.009, 352.965
414.312, 353.142
378.536, 353.585
919.64, 354.141
531.133, 354.422
325.088, 356.77
352.581, 360.227
902.065, 359.969
381.326, 360.847
235.359, 363.19
520.7, 366.009
744.856, 366.109
678.524, 367.171
570.116, 371.073
105.953, 372.304
374.536, 372.362
146.37, 373.044
779.062, 373.093
128.128, 373.462
167.938, 373.624
216.926, 373.554
601.973, 373.712
572.084, 374.185
564.066, 374.415
74.4249, 375.039
767.382, 374.953
534.065, 375.402
414.336, 376.163
449.902, 376.099
588.419, 375.808
772.478, 375.844
579.486, 377.597
728.817, 378.327
489.701, 379.2
230.62, 379.765
258.946, 379.817
516.855, 380.571
342.561, 381.32
336.537, 382.133
636.139, 383.473
653.989, 383.298
788.855, 383.434
689.324, 384.321
714.025, 384.848
810.632, 385.477
881.963, 385.485
675.835, 387.174
412.618, 388.583
148.883, 388.973
774.985, 389.134
386.325, 390.145
783.948, 389.823
402.494, 393.225
832.003, 394.771
904.494, 396.965
300.645, 401.122
585.299, 401.035
897.428, 401.182
385.146, 401.96
334.573, 405.168
464.468, 406.176
342.227, 406.566
103.833, 409.139
434.236, 409.706
279.362, 410.877
712.56, 411.21
741.461, 410.757
148.025, 412.061
626.601, 413.131
637.752, 413.075
46.8673, 415.661
613.089, 415.841
569.166, 416.946
898.981, 417.072
99.9382, 417.473
845.166, 417.454
214.98, 417.866
236.486, 418.56
453.878, 420.402
138.068, 421.991
263.84, 422.052
414.355, 421.906
765.581, 422.417
463.57, 422.984
330.951, 423.683
114.413, 424.463
352.108, 426.255
613.601, 426.924
224.392, 427.955
374.728, 428.363
260.096, 429.081
288.908, 432.065
433.513, 432.106
492.426, 432
612.984, 432.03
865.718, 432.209
420.764, 432.394
445.406, 432.818
744.918, 437.774
318.935, 438.515
587.931, 439.506
402.281, 441.676
258.674, 442.477
632.356, 443.306
221.883, 444.483
716.579, 445.903
93.3884, 446.599
242.172, 447.581
191.047, 448.482
653.932, 448.256
149.291, 449.366
269.707, 449.456
850.306, 449.552
860.211, 451.119
219.777, 451.888
906.038, 453.451
346.885, 454.299
213.235, 455.671
526.075, 460.38
534.449, 460.352
549.417, 460.284
339.504, 461.612
586.051, 461.683
766.915, 461.618
611.2, 462.152
232.368, 462.227
404.679, 462.998
551.923, 462.987
667.52, 463.118
519.63, 463.944
351.713, 464.426
657.574, 464.657
266.181, 465.708
631.921, 465.868
131.351, 468.662
749.689, 469.214
669.869, 469.945
676.959, 470.712
779.242, 472.05
616.816, 472.709
414.47, 473.11
216.059, 473.667
844.064, 475.206
261.813, 476.098
885.049, 476.143
567.889, 477.031
37.0913, 480.015
502.689, 480.334
556.493, 482.369
397.944, 483.739
67.9454, 485.484
429.685, 486.055
518.768, 485.429
158.978, 486.522
467.619, 486.554
752.009, 486.571
542.435, 487.389
221.36, 488.204
410.067, 487.976
344.059, 489.066
505.828, 488.951
527.017, 490.175
635.977, 489.865
490.757, 490.607
391.569, 491.111
448.198, 491.543
303.929, 492.181
594.341, 492.213
590.355, 492.981
322.862, 494.235
782.665, 494.26
616.531, 496.213
637.018, 496.689
53.9955, 497.221
833.627, 497.233
256.383, 498.95
467.651, 498.973
589.01, 499.185
84.9882, 499.922
250.549, 501.367
744.987, 501.493
793.601, 501.863
422.108, 503.105
732.068, 504.051
855.469, 504.586
752.132, 505.098
82.6557, 505.621
296.343, 506.119
249.431, 507.468
728.924, 507.978
753.805, 508.023
660.244, 509.137
541.053, 510.505
293.439, 511.534
615.773, 512.441
205.45, 514.503
758.988, 514.647
564.965, 515.477
580.039, 515.896
320.198, 517.526
358.987, 517.483
657.325, 519.118
40.8567, 520.212
146.692, 520.73
207.604, 521.228
581.978, 521.666
673.949, 522.424
735.043, 522.527
652.425, 523.035
447.747, 524.095
772.493, 523.92
760.233, 524.921
97.5727, 525.991
237.613, 526.619
147.598, 527.595
742.812, 527.404
275.611, 528.29
195.448, 528.89
211.249, 530.452
369.354, 530.894
697.195, 531.071
409.521, 531.517
321.777, 532.704
244.801, 532.802
611.967, 533.2
799.379, 533.091
383.27, 533.314
746.007, 534.348
135.462, 535.986
264.048, 535.796
388.547, 536.526
785.472, 537.053
167.471, 538.104
219.319, 537.929
175.031, 539.473
623.603, 541.974
472.467, 542.525
51.4224, 545.333
737.895, 546.153
556.102, 546.645
732.909, 546.73
430.171, 547.98
343.464, 548.446
595.728, 550.004
120.199, 550.404
648.846, 550.95
317.956, 554.323
131.932, 556.861
326.538, 557.649
738.159, 557.393
800.857, 557.648
267.3, 559.812
833.229, 559.559
463.441, 561.664
102.71, 562.092
755.795, 562.103
474.211, 564.125
320.323, 564.798
221.804, 565.528
96.5357, 566.214
537.121, 568.118
72.531, 571.672
377.02, 575.406
241.029, 576.079
416.587, 575.792
292.007, 577.068
804.387, 577.698
176.961, 578.152
190.614, 577.968
168.907, 578.493
532.591, 579.924
216.806, 581.739
433.822, 581.904
339.152, 582.6
38.7538, 583.482
701.221, 583.54
634.357, 584.074
116.412, 585.031
282.259, 585.496
138.517, 586.052
67.5029, 587.17
516.601, 588.449
534.058, 588.438
356.027, 589.178
286.091, 590.039
161.582, 590.883
743.684, 591.319
191.426, 592.107
384.384, 592.157
417.848, 592.141
468.932, 592.541
161.116, 594.465
338.446, 595.712
743.696, 597.024
116.188, 598.138
170.845, 598.815
562.098, 598.79
274.617, 599.343
515.929, 600.651
468.909, 601.583
720.321, 603.82
652.914, 606.775
211.912, 610.072
657.739, 610.16
549.721, 610.756
720.839, 610.969
397.705, 613.228
536.067, 612.851
757.622, 618.194
419.372, 622.233
491.59, 622.304
158.467, 623.569
490.714, 626.64
165.423, 627.327
253.387, 628.419
513.779, 629.839
557.393, 630.622
590.897, 632.5
484.926, 634.012
367.752, 634.257
508.839, 634.989
431.771, 636.03
295.688, 636.581
156.649, 637.055
443.292, 637.379
309.973, 638.198
378.073, 638.417
69.4878, 640.599
157.958, 641.014
422.404, 644.293
435.101, 645.475
386.639, 646.331
184.807, 647.439
145.641, 651.161
223.371, 650.883
194.562, 652.601
91.9526, 657.725
749.904, 24.9373
319.994, 26.7817
339.584, 26.6004
602.836, 26.358
310.395, 26.7335
122.412, 27.346
299.344, 27.4905
259.153, 28.7753
287, 28.6004
304.292, 28.9848
606.117, 28.8133
292.473, 29.402
316.718, 30.1169
252.186, 30.9921
620.971, 31.7456
30.5227, 33.1735
595.023, 33.2041
658.182, 33.2794
305.638, 34.6714
65.2744, 35.3263
99.26, 36.0753
429.036, 36.7053
488.415, 36.9531
648.749, 37.453
665.504, 37.5864
644.121, 37.8568
854.845, 38.017
96.3341, 39.4466
635.027, 39.9033
590.085, 40.895
148.074, 45.7283
873.993, 45.3508
33.1034, 46.1407
310.43, 48.3987
144.623, 48.9705
264.399, 48.868
500.587, 50.6644
756.383, 50.7153
374.49, 51.0608
907.898, 53.6252
39.8293, 53.7943
48.5616, 54.3799
873.804, 54.103
253.415, 54.8628
336.715, 54.9763
589.896, 55.8073
158.581, 58.906
670.71, 58.8546
889.117, 59.6564
221.212, 59.8419
709.44, 59.8772
690.05, 60.5842
849.931, 60.6557
791.661, 60.9456
110.488, 61.2767
498.772, 61.5826
597.541, 62.7315
77.8275, 62.8969
231.295, 63.12
542.845, 62.8428
62.8549, 63.8758
427.008, 63.7825
446.16, 63.9107
617.909, 64.1837
205.767, 65.1376
332.56, 65.6326
76.6141, 66.3995
30.4381, 68.1621
533.999, 67.8995
632.364, 67.8507
172.575, 70.7772
186.214, 71.2168
361.317, 71.8209
433.966, 71.8046
554.581, 71.8519
739.268, 72.044
475.81, 73.5254
745.089, 74.5312
493.84, 74.9452
443.201, 75.9634
659.333, 76.0365
849.343, 78.4477
203.761, 80.3599
871.396, 82.7934
202.977, 83.5928
92.4053, 83.8
225.095, 84.0602
232.968, 88.1083
902.491, 87.986
569.117, 88.5223
893.369, 88.4463
818.456, 90.2839
34.8174, 92.3166
555.988, 92.9902
624.125, 92.955
644.717, 93.9238
717.728, 95.1458
539.37, 95.8712
751.319, 96.8606
495.121, 97.3699
396.497, 98.0892
448.058, 99.9067
195.11, 100.995
468.544, 100.798
236.297, 101.634
620.768, 101.865
870.164, 102.891
819.984, 104.54
469.123, 106.027
78.5769, 106.519
281.379, 107.157
350.978, 108.16
345.33, 108.436
403.971, 108.705
431.979, 108.922
49.99, 109.598
748.802, 109.605
737.812, 109.934
187.264, 110.621
407.944, 111.481
442.944, 111.761
606.032, 114.235
149.388, 114.544
186.472, 114.566
585.547, 114.896
621.669, 116.477
403.233, 116.964
146.81, 117.524
78.2149, 118.678
317.658, 120.103
661.229, 121.12
855.229, 120.956
629.861, 121.304
566.925, 122.036
458.366, 124.5
711.838, 125.151
483.062, 125.75
276.917, 127.447
459.117, 128.472
629.51, 128.632
341.984, 130.637
172.705, 131.695
628.568, 132.341
844.177, 132.919
343.978, 134.159
397.511, 135.061
218.551, 135.784
743.615, 136.112
532.407, 136.386
226.444, 138.475
768.549, 138.547
550.238, 139.305
160.322, 140.41
557.546, 140.325
624.45, 140.54
183.617, 140.917
667.891, 140.919
61.5591, 142.524
222.898, 142.52
465.042, 142.531
643.682, 142.911
905.202, 143.509
269.714, 144.024
525.441, 144.551
197.546, 145.384
603.243, 146.29
406.218, 147.175
339.67, 148.117
262.572, 151.723
275.413, 153.121
392.896, 152.974
555.252, 153.976
639.918, 153.799
123.092, 155.893
397.407, 155.832
459.281, 156.296
49.6627, 157.081
237.708, 157.733
160.01, 158.707
379.762, 158.494
863.298, 159.124
720.513, 161.4
546.685, 163.897
290.818, 165.015
243.377, 166.162
507.865, 168.682
682.356, 168.755
777.398, 168.827
87.4204, 169.47
821.979, 169.684
514.19, 170.263
636.516, 171.198
749.038, 170.881
453.956, 171.307
470.892, 172.163
628.507, 173.384
46.1947, 174.373
652.601, 174.912
64.0127, 175.443
569.057, 175.689
748.59, 176.702
744.826, 177.29
707.881, 177.837
198.649, 179.102
138.12, 179.851
187.041, 179.952
276.105, 182.465
284.555, 182.707
519.551, 183.358
243.229, 184.02
355.836, 184.03
776.127, 184.354
526.112, 186.501
109.601, 188.524
158.605, 189.509
530.779, 189.471
54.6261, 191.098
187.404, 191.012
382.278, 190.987
257.382, 192.271
409.452, 192.421
127.672, 193.271
457.35, 192.983
343.64, 194.245
71.6967, 194.359
161.886, 195.877
592.493, 197.538
134.571, 198.21
515.333, 198.605
305.345, 198.895
524.905, 199.054
419.368, 199.636
545.31, 199.486
823.334, 201.227
883.444, 201.993
406.022, 203.531
340.278, 204.292
578.497, 204.442
793.023, 204.493
731.124, 205.469
569.297, 205.979
619.366, 206.294
871.049, 206.37
510.269, 207.336
582.017, 207.317
836.274, 208.391
377.357, 210.558
522.687, 212.308
717.957, 212.488
284.305, 214.971
155.093, 216.084
126.79, 216.4
356.484, 217.541
478.083, 218.829
325.407, 221.398
803.057, 222.505
90.7171, 226.11
322.1, 226.219
514.092, 226.268
846.999, 226.338
575.882, 230.16
380.711, 231.354
430.452, 231.426
828.325, 231.549
210.238, 231.816
771.619, 233.266
590.523, 233.934
608.592, 235.416
850.929, 235.515
614.185, 235.83
769.029, 236.097
795.219, 236.358
858.344, 237.836
667.359, 238.453
90.8213, 239.818
481.992, 239.866
572.159, 239.965
593.727, 239.968
599.624, 240.097
309.462, 240.194
809.653, 240.275
287.878, 241.347
419.274, 242.516
471.035, 242.514
206.182, 243.325
571.724, 243.633
612.722, 243.894
371.243, 244.526
394.751, 246.802
520.37, 249.419
402.297, 249.954
862.996, 249.994
813.759, 252.018
235.226, 254.553
872.261, 254.33
858.594, 256.222
166.171, 256.602
220.842, 256.56
351.672, 258.368
818.902, 260.128
53.7315, 260.462
451.341, 260.657
624.932, 260.883
669.129, 263.648
405.117, 263.809
531.245, 264.17
684.781, 264.045
74.1611, 264.418
706.985, 265.024
179.941, 265.534
323.545, 266.103
729.869, 265.829
309.351, 266.416
386.519, 266.447
193.182, 267.746
208.376, 268.759
333.63, 269.597
637.493, 271.714
546.863, 271.88
137.452, 273.532
466.488, 274.96
348.298, 278.514
242.928, 280.19
331.953, 281.568
450.137, 281.503
589.702, 282.702
494.001, 283.088
906.877, 284.116
681.813, 285.994
145.349, 286.398
590.006, 287.718
502.115, 289.022
227.343, 290.994
251.476, 290.969
543.138, 292.033
695.724, 291.998
908.847, 291.943
259.124, 292.383
551.511, 292.532
654.035, 292.381
921.634, 292.168
868.596, 293.716
86.4002, 295.243
320.431, 295.41
502.794, 295.593
662.983, 295.974
710.593, 296.297
855.828, 298.739
342.974, 299.746
877.505, 301.132
572.928, 301.66
314.587, 303.098
279.091, 304.147
421.326, 304.217
732.568, 304.945
875.041, 307.816
182.092, 308.472
200.325, 309.674
417.638, 309.295
409.227, 310.697
197.485, 312.794
840.861, 313.555
103.335, 314.607
345.98, 316.731
707.624, 316.392
295.756, 317.009
414.637, 317.221
428.109, 317.087
565.041, 316.946
599.991, 318.216
247.467, 318.652
303.415, 318.435
655.546, 319.069
581.14, 319.263
221.913, 319.98
424.566, 320.559
600.827, 321.486
880.39, 321.34
546.369, 321.941
348.542, 323.57
472.211, 324.043
93.9193, 324.968
748.023, 325.463
865.016, 325.457
883.464, 325.294
80.4913, 326.035
630.083, 326.381
608.854, 334.817
92.376, 335.671
107.669, 335.31
232.412, 336.644
350.351, 337.21
588.215, 338.784
313.537, 340.097
707.52, 341.756
227.487, 341.895
502.43, 342.084
84.3911, 343.064
254.014, 343.671
51.2147, 344.136
478.2, 343.892
246.249, 344.702
759.635, 346.402
380.518, 347.429
694.356, 349.378
525.173, 350.034
687.918, 349.977
725.94, 349.99
487.046, 350.393
189.135, 351.4
575.704, 351.395
773.369, 351.656
834.608, 351.412
859.899, 351.99
608.159, 353.272
386.875, 353.421
544.427, 353.912
781.466, 353.817
297.152, 354.422
572.528, 354.701
700.902, 355.092
503.613, 355.425
236.426, 356.016
352.057, 356.427
242.246, 358.386
757.74, 358.955
330.036, 359.486
418.103, 360.468
306.436, 360.879
431.83, 361.415
769.455, 363.492
62.5098, 366.137
383.369, 366.54
451.514, 366.518
37.4713, 369.05
279.657, 370.363
608.898, 369.965
363.967, 371.401
203.027, 372.275
494.746, 373.364
272.559, 373.833
472.935, 374.486
182.6, 374.956
253.926, 376.622
606.783, 377.295
567.115, 378.27
614.471, 379.09
474.839, 379.418
287.045, 381.653
821.888, 382.69
94.39, 383.497
545.014, 384.655
750.529, 384.369
58.8159, 385.146
45.1692, 386.168
592.878, 386.526
732.043, 386.989
95.3503, 387.728
392.811, 387.422
720.123, 388.067
813.574, 390.359
111.212, 391.42
133.723, 391.673
439.08, 394.03
584.771, 395.838
465.099, 396.285
254.693, 397.996
379.558, 398.253
702.312, 397.935
490.562, 398.46
354.938, 398.856
398.054, 399.01
727.284, 401.529
226.409, 402.572
526.864, 403.171
268.017, 403.588
866.014, 403.858
128.111, 405.301
364.479, 405.263
670.429, 405.385
376.134, 406.098
486.279, 406.489
587.09, 406.408
381.352, 408.818
26.5812, 409.572
575.485, 409.285
666.654, 410.103
136.638, 410.266
694.622, 411.86
439.162, 412.505
611.535, 412.311
726.472, 413.261
27.4519, 414.131
377.418, 414.449
209.492, 415.16
77.7286, 415.289
663.207, 418.452
545.855, 419.99
195.481, 420.727
637.37, 420.7
342.082, 421.17
67.4248, 421.859
75.1692, 423.326
392.667, 422.745
700.532, 423.056
547.161, 424.891
893.385, 427.049
533.397, 427.723
630.002, 427.657
304.517, 428.605
131.877, 428.898
474.847, 431.289
704.463, 431.461
153.415, 432.968
365.409, 432.874
630.947, 432.917
852.571, 432.945
717.747, 433.493
297.457, 434.037
350.098, 433.835
531.548, 434.927
245.002, 435.405
201.337, 435.946
280.047, 436.403
851.064, 436.622
605.201, 437.106
189.517, 438.61
581.11, 438.525
538.643, 441.716
292.407, 442.09
353.57, 441.898
534.836, 441.907
724.767, 443.05
877.996, 445.026
377.204, 446.487
137.908, 446.783
250.189, 447.537
205.843, 448.879
634.222, 449.872
232.107, 450.49
870.414, 451.12
252.385, 451.601
565.427, 451.429
865.481, 452.029
172.458, 452.338
263.532, 452.786
122.611, 455.559
557.928, 456.154
597.904, 456.155
282.316, 459.257
577.006, 459.513
377.568, 459.828
239.068, 460.495
290.423, 460.443
555.404, 461.131
320.01, 462.131
129.398, 462.984
433.315, 462.723
815.583, 462.846
382.731, 464.517
711.799, 466.423
739.222, 467.055
615.104, 467.562
803.941, 467.298
682.572, 468.788
313.838, 469.431
618.926, 469.247
715.507, 469.645
612.846, 472.074
564.063, 472.572
571.152, 473.686
740.172, 473.543
831.479, 474.053
898.126, 475.079
273.12, 475.335
362.345, 476.705
488.457, 477.074
249.004, 477.582
67.5436, 482.191
354.451, 481.918
126.761, 483.761
42.0939, 484.331
365.615, 485.068
498.262, 488.113
377.246, 488.934
510.313, 492.322
606.333, 494.773
729.434, 496.737
175.56, 498.416
769.007, 499.638
264.531, 500.085
860.448, 500.14
825.469, 501.139
502.521, 501.416
363.41, 502.087
623.845, 504.136
675.81, 505.9
864.527, 507.165
317.406, 507.998
70.5013, 508.28
379.468, 508.765
859.915, 510.656
108.631, 511.699
404.922, 513.582
486.068, 515.16
101.485, 516.376
599.816, 516.426
676.858, 516.697
860.718, 516.938
647.588, 518.51
682.91, 518.545
669.129, 519.864
283.279, 521.472
545.407, 521.03
105.873, 522.948
65.9015, 525.218
722.855, 526.388
790.3, 527.909
127.362, 528.933
649.68, 529.469
729.043, 529.673
737.194, 529.768
332.732, 530.504
513.393, 530.406
145.067, 531.405
366.686, 532.092
346.013, 533.615
701.06, 533.555
820.836, 533.681
217.972, 534.07
655.61, 534.482
431.989, 535.115
618.999, 537.127
764.898, 536.991
370.153, 537.48
465.221, 537.577
345.249, 540.048
364.251, 542.332
208.206, 545.685
504.003, 545.758
692.14, 546.301
700.389, 546.613
132.24, 549.949
192.179, 551.052
186.593, 557.494
353.753, 559.977
813.407, 560.696
374.614, 563.214
408.28, 563.255
23.1061, 564.838
651.685, 565.338
497.521, 567.108
681.695, 568.528
518.521, 568.919
123.891, 569.362
319.321, 569.861
266.043, 570.415
745.486, 572.164
569.712, 572.712
580.312, 572.624
788.839, 572.724
574.895, 573.161
672.102, 573.052
697.185, 573.859
263.045, 574.383
526.753, 574.423
655.2, 576.472
780.1, 576.648
726.492, 577.809
688.867, 578.359
403.319, 580.064
653.056, 580.116
768.619, 581.019
386.784, 581.318
678.845, 582.164
274.633, 582.241
440.981, 582.778
243.667, 583.317
192.151, 584.685
329.097, 585.241
628.372, 585.891
264.723, 587.052
765.669, 587.029
49.616, 587.591
314.817, 587.256
309.616, 589.581
775.879, 589.522
442.546, 590.156
646.589, 589.849
668.555, 589.939
112.379, 590.68
56.3798, 592.038
484.11, 592.844
153.717, 595.323
278.821, 595.495
790.075, 596.513
513.18, 597.948
634.611, 598.376
463.409, 601.136
601.61, 601.115
435.156, 602.763
593.578, 604.102
216.668, 604.569
504.828, 605.041
615.937, 605.435
687.955, 605.642
193.934, 608.724
570.956, 609.54
664.226, 609.7
125.968, 609.842
65.4326, 610.686
675.867, 611.692
44.7422, 613.248
779.577, 612.853
879.25, 613.14
734.861, 613.527
824.982, 616.51
389.842, 617.581
613.523, 617.518
708.329, 617.397
492.84, 618.623
267.247, 619.285
464.423, 620.057
841.277, 619.906
435.119, 620.362
658.803, 620.63
743.849, 621.374
218.493, 623.654
764.092, 623.817
310.724, 624.135
679.439, 624.738
256.284, 625.3
319.593, 625.575
108.417, 626.048
658.944, 629.56
87.7079, 630.614
237.779, 630.971
625.082, 631.02
158.771, 631.991
353.16, 632.473
329.653, 635.253
541.685, 637.183
449.91, 637.754
26.7503, 638.465
384.473, 639.039
434.61, 639.262
101.984, 640.262
393.938, 643.066
194.677, 646.108
377.49, 647.032
400.729, 647.545
239.613, 652.504
284.33, 653.466
139.976, 659.63
99.5421, 663.495
312.654, 23.1383
321.863, 23.2068
740.962, 23.4834
393.02, 24.0958
293.537, 25.9158
596.996, 26.8211
239.373, 28.8862
332.576, 29.3679
345.849, 29.4745
474.074, 29.384
729.892, 29.9206
706.459, 31.1529
341.84, 31.176
77.4452, 33.6413
392.172, 34.4494
127.856, 35.5444
657.666, 37.1321
135.827, 39.4057
89.2036, 41.6002
866.461, 46.9055
129.857, 47.6936
446.949, 52.0391
260.498, 52.892
283.977, 52.8047
359.013, 54.8382
217.128, 56.3987
904.437, 56.3716
259.327, 57.4241
586.416, 57.3531
807.83, 58.9928
620.559, 60.176
96.3616, 61.3547
70.5318, 63.9955
34.5059, 64.9825
301.192, 66.3727
387.657, 66.9706
468.11, 69.1242
339.265, 72.3768
847.567, 72.3611
66.1158, 73.3727
183.474, 74.7364
283.96, 75.7077
420.333, 76.8494
712.272, 76.826
612.593, 77.7304
894.377, 78.1007
173.04, 78.9206
472.029, 81.0822
119.056, 83.5443
616.206, 84.2105
82.6427, 84.6283
797.277, 85.1175
526.349, 85.643
802.441, 85.6885
242.451, 87.5968
915.331, 88.7417
59.5509, 89.0952
435.025, 91.1613
41.7418, 91.5342
552.248, 93.0033
598.189, 93.815
145.719, 94.4618
699.391, 96.1275
444.175, 96.2647
451.364, 96.4989
673.133, 96.1601
611.217, 98.8604
616.748, 99.1179
512.731, 99.4949
587.367, 100.959
497.398, 102.184
842.368, 102.067
307.338, 106.608
800.51, 109.909
436.056, 112.073
419.365, 113.095
794.146, 115.213
762.191, 115.502
912.987, 115.576
158.831, 115.886
462.614, 115.933
562.452, 117.557
37.7506, 118.134
726.122, 118.187
532.716, 122.863
506.09, 123.588
515.825, 125.315
652.8, 125.376
330.106, 126.535
387.631, 126.363
223.929, 127.068
315.159, 127.464
251.293, 127.777
681.313, 127.936
797.65, 128.976
658.3, 131.291
392.737, 131.43
474.06, 131.663
275.149, 131.908
635.523, 132.014
569.053, 133.521
227.556, 134.88
311.993, 134.794
215.269, 138.664
76.9245, 140.366
818.589, 141.221
569.187, 142.125
215.102, 143.067
726.696, 143.338
773.907, 143.356
156.13, 144.428
293.239, 144.532
696.109, 150.42
363.126, 151.158
443.89, 151.326
862.648, 151.794
577.199, 152.573
241.323, 154.057
703.929, 155.43
574.507, 158.197
372.102, 158.406
388.662, 160.016
499.093, 160.411
776.692, 161.597
589.414, 162.898
221.169, 166.348
433.421, 168.981
499.094, 170.776
415.139, 170.672
337.973, 171.796
617.943, 171.593
804.822, 171.406
208.945, 172.837
83.5862, 173.821
590.026, 173.889
925.836, 175.07
765.893, 175.625
792.079, 175.726
777.32, 175.924
739.814, 177.69
626.724, 177.824
68.1228, 179.004
614.272, 179.22
556.333, 182.839
465.28, 183.277
786.458, 183.347
45.5894, 183.904
871.018, 183.877
553.795, 187.095
745.992, 187.221
189.857, 187.13
792.167, 188.679
35.3483, 190.525
517.797, 190.683
88.6944, 190.78
291.05, 191.271
217.923, 194.057
740.408, 196.575
792.014, 197.022
564.195, 197.205
800.833, 199.092
62.7412, 199.427
51.3576, 200.581
632.17, 203.435
375.268, 204.976
788.206, 205.832
474.127, 206.722
762.497, 206.723
476.598, 211.846
590.382, 212.224
770.661, 211.99
662.452, 212.845
714.042, 213.401
452.006, 214.202
580.951, 213.861
556.636, 214.398
525.739, 216.781
541.771, 217.487
245.911, 218.136
442.671, 218.714
793.88, 220.002
532.047, 221.81
278.267, 222.712
31.0318, 224.052
108.904, 229.236
76.6665, 231.846
292.537, 232.154
391.162, 232.638
255.507, 232.922
337.263, 233.632
418.434, 234.751
691.694, 235.596
699.757, 235.91
70.2766, 236.402
162.328, 240.922
355.657, 240.9
395.497, 242.842
822.844, 242.796
190.976, 243.6
47.6003, 244.335
501.903, 245.719
800.633, 248.564
189.906, 249.017
543.191, 249.65
282.597, 250.483
368.219, 250.21
453.949, 253.299
488.76, 254.841
119.994, 255.398
239.094, 256.722
679.194, 256.584
257.361, 258.047
826.722, 258.067
841.124, 258.798
565.189, 260.01
386.658, 261.736
139.841, 262.582
28.8512, 263.427
856.938, 265.354
411.853, 266.389
442.58, 266.919
580.605, 267.369
613.577, 270.023
740.204, 271.018
707.768, 271.899
23.0427, 279.489
484.184, 282.144
181.675, 289.073
420.488, 289.967
341.364, 292.384
598.603, 292.583
636.355, 292.465
52.9996, 294.088
753.096, 294.73
906.403, 294.916
619.496, 296.706
911.999, 298.367
399.956, 299.575
67.3508, 300.262
204.057, 302.336
415.529, 303.302
791.592, 305.99
840.406, 306.095
132.888, 306.929
355.682, 308.262
280.195, 309.94
480.228, 310.015
880.155, 310.358
650.44, 312.68
655.272, 312.785
528.898, 313.189
720.732, 313.537
741.595, 313.859
407.24, 315.037
136.537, 316.616
622.112, 322.779
823.704, 323.124
379.661, 323.701
147.673, 324.94
808.842, 325.668
206.336, 326.586
468.335, 326.98
475.312, 327.014
329.743, 327.773
260.337, 327.839
275.147, 328.12
606.697, 329.284
629.968, 332.886
588.146, 334.022
497.972, 334.508
96.9469, 336.784
145.53, 337.119
177.497, 338.259
629.197, 342.048
147.431, 344.315
28.3363, 344.383
741.825, 351.087
851.658, 352.171
368.049, 353.867
678.531, 353.956
330.848, 355.134
661.848, 356.22
764.094, 358.448
576.462, 359.31
823.247, 359.979
286.874, 361.175
483.233, 363.8
283.356, 364.508
371.151, 364.614
73.3732, 367.232
189.842, 367.106
651.415, 367.592
476.502, 369.003
481.151, 372.146
28.5818, 372.814
194.612, 375.533
66.7682, 376.307
355.048, 376.138
132.336, 377.933
690.262, 377.523
745.332, 379.877
146.477, 380.535
700.999, 380.752
897.112, 381.154
236.921, 382.232
363.976, 382.397
477.975, 383.189
393.469, 383.412
275.079, 385.053
425.414, 385.821
805.109, 385.354
605.665, 386.621
270.558, 390.333
532.687, 392.114
630.573, 392.656
543.063, 393.612
673.864, 394.811
126.781, 395.808
193.827, 397.445
871.585, 398.471
246.592, 399.127
435.623, 399.298
262.254, 400.25
182.064, 400.619
135.819, 402
367.326, 401.842
875.128, 402.459
248.42, 403.165
238.764, 403.487
508.082, 404.512
650.816, 404.517
720.912, 404.393
763.331, 405.541
767.504, 407.572
315.473, 407.913
613.995, 408.628
561.944, 408.938
701.4, 411.418
328.64, 416.275
343.499, 416.986
609.479, 419.138
245.594, 419.581
482.935, 420.595
256.175, 420.882
121.398, 421.804
385.917, 421.915
648.856, 421.796
186.05, 424.04
671.907, 424.106
361.694, 425.138
577.924, 424.943
339.871, 425.329
287.033, 428.006
321.879, 428.567
358.686, 428.438
534.555, 432.139
83.7851, 433.035
545.973, 433.086
168.964, 434.434
469.939, 434.881
488.718, 434.984
386.16, 436.113
652.134, 437.651
884.599, 437.874
162.496, 441.389
191.787, 442.381
65.1446, 443.057
639.434, 442.897
113.66, 443.299
681.947, 444.081
181.349, 445.019
305.892, 449.826
898.934, 450.132
381.047, 450.966
211.62, 451.769
539.058, 451.986
483.235, 452.467
589.168, 454.932
500.928, 457.125
323.282, 457.942
109.464, 458.911
29.2143, 459.404
601.992, 461.139
53.5922, 461.531
639.685, 462.102
762.046, 462.646
615.986, 463.59
627.959, 463.311
258.97, 463.901
604.447, 465.076
203.246, 466.645
224.047, 466.62
697.156, 466.264
672.882, 466.799
624.167, 467.524
397.539, 467.898
392.271, 468.871
401.492, 470.183
760.944, 470.417
162.324, 471.372
508.696, 473.161
207.626, 473.369
441.447, 473.303
355.734, 474.044
770.292, 473.75
784.329, 475.467
313.226, 476.211
58.0004, 479.486
837.509, 479.294
410.129, 480.837
792.158, 481.961
108.066, 483.171
445.497, 488.049
522.697, 488.566
611.446, 488.737
262.56, 489.061
558.135, 489.032
616.208, 489.279
799.02, 489.955
324.004, 490.288
602.346, 491.302
106.012, 491.454
728.052, 492.67
775.584, 492.912
370.838, 493.675
800.714, 495.062
203.205, 495.792
779.415, 497.169
848.358, 496.93
297.261, 497.656
169.238, 499.107
26.5555, 501.097
95.9245, 502.189
441.705, 502.581
814.482, 503.397
868.107, 505.814
774.673, 506.612
532.694, 510.716
273.825, 511.673
413.217, 512.2
558.342, 512.787
70.3355, 514.36
80.4367, 515.034
136.561, 515.796
376.394, 516.977
162.079, 518.524
552.615, 520.474
450.821, 520.843
644.549, 521.495
239.666, 522.758
433.65, 522.652
501.122, 522.945
112.353, 525.167
778.796, 525.656
119.344, 526.624
769.81, 527.647
808.601, 528.526
309.564, 531.577
188.342, 532.916
236.276, 532.975
357.367, 535.011
419.023, 535.474
364.73, 536.512
839.813, 536.389
797.203, 537.504
533.145, 537.654
529.077, 539.147
393.946, 539.443
418.124, 539.674
118.794, 541.528
404.526, 541.65
445.055, 541.434
450.178, 541.664
503.138, 541.839
61.8008, 544.682
610.497, 547.072
663.616, 547.072
752.23, 549.457
243.192, 551.415
729.13, 551.738
832.186, 553.68
825.052, 554.102
804.234, 555.012
267.097, 555.387
25.5511, 557.383
273.816, 559.051
877.938, 560.967
385.497, 561.964
56.906, 562.266
40.232, 562.936
112.13, 562.878
339.544, 562.892
414.59, 563.158
481.647, 567.133
555.638, 567.036
820.753, 567.034
190.394, 567.308
489.846, 567.583
116.448, 568.407
722.901, 568.628
524.089, 569.574
456.61, 569.824
215.45, 570.717
276.433, 570.44
484.693, 571.046
57.7005, 571.364
152.776, 572.632
504.349, 572.361
121.614, 573.153
733.168, 573.503
411.625, 574.553
393.367, 575.019
322.196, 576.236
754.203, 576.907
771.247, 577.822
695.375, 578.204
355.935, 578.554
713.968, 578.315
315.212, 579.041
261.676, 583.069
734.02, 586.737
750.32, 586.648
241.901, 587.293
853.055, 587.529
102.089, 587.952
870.43, 588.183
631.854, 589.481
336.023, 590.294
849.398, 591.051
88.7517, 591.823
870.766, 592.262
297.389, 592.83
306.302, 592.902
627.919, 593.285
64.2854, 594.013
319.593, 596.957
625.301, 597.66
218.906, 600.646
793.215, 603.056
600.053, 604.423
347.144, 605.249
633.393, 607.36
512.335, 608.746
116.864, 608.952
445.02, 609.296
686.614, 610.05
488.447, 610.578
833.95, 611.007
365.79, 612.299
380.692, 612.697
241.179, 613.147
388.807, 613.077
455.213, 613.692
312.563, 614.116
685.85, 614.182
205.804, 615.421
324.461, 619.024
458.35, 619.253
475.543, 620.229
75.0915, 621.404
329.019, 624.352
520.757, 624.409
459.34, 626.816
232.141, 627.455
152.081, 628.209
582.871, 628.734
483.944, 630.144
310.783, 630.465
228.558, 631.211
656.73, 632.995
620.653, 633.377
60.1896, 634.816
404.356, 634.975
250.398, 635.854
42.0843, 636.529
425.129, 636.807
110.362, 642.089
121.513, 643.646
177.474, 647.409
91.4316, 649.12
197.125, 649.719
231.576, 650.095
205.329, 650.452
307.414, 651.841
33.2889, 653.211
73.4566, 658.918
50.8891, 664.406
734.094, 23.3925
287.727, 24.0526
565.968, 27.3376
863.598, 26.5447
143.673, 29.0548
425.05, 31.9493
40.4976, 32.6551
843.586, 33.9303
109.248, 35.9969
119.228, 36.5275
171.038, 37.1181
528.517, 41.1651
196.265, 42.0131
860.815, 44.0248
411.239, 46.9717
58.907, 49.0161
590.314, 49.3669
191.036, 51.9158
322.059, 52.0751
307.78, 52.8873
771.118, 57.0097
182.941, 60.8474
154.643, 62.5049
694.98, 61.6853
223.69, 64.0687
93.1124, 65.3486
325.012, 65.1637
707.01, 68.981
647.543, 70.0985
616.462, 71.1745
425.229, 73.4161
176.779, 74.2324
102.989, 75.0339
230.778, 76.453
900.064, 79.0653
806.278, 81.0044
568.282, 83.8697
454.466, 86.0351
484.261, 87.2002
532.18, 87.1352
541.127, 89.7881
56.1218, 92.4205
70.6075, 91.6722
574.053, 91.7279
675.457, 92.1387
439.236, 95.1996
499.79, 97.3469
857.903, 100.566
394.183, 101.955
832.667, 101.854
751.889, 102.934
411.86, 105.453
836.997, 106.936
156.178, 111.276
712.322, 115.774
601.989, 116.663
610.252, 117.228
62.0342, 122.626
639.193, 128.789
692.983, 128.786
521.242, 129.841
403.519, 130.716
505.871, 134.211
597.721, 134.824
139.012, 137.259
199.354, 138.176
148.757, 138.602
479.778, 138.716
103.173, 140.837
354.125, 143.092
622.007, 144.03
847.038, 144.936
873.208, 152.083
529.673, 153.778
692.195, 154.734
503.306, 157.199
197.016, 158.185
180.645, 161.072
322.758, 162.997
139.117, 166.215
285.713, 175.007
643.405, 177.814
60.125, 178.541
715.771, 178.866
735.532, 180.523
893.4, 190.019
203.448, 191.708
666.383, 193.571
471.92, 194.972
872.801, 197.952
233.625, 204.364
51.5357, 205.854
848.094, 205.734
430.718, 208.093
145.518, 211.371
410.39, 215.339
317.401, 217.233
484.929, 217.844
788.652, 219.611
283.778, 225.427
895.637, 224.691
896.085, 231.103
513.552, 231.909
599.254, 232.688
573.697, 235.361
170.495, 236.003
542.034, 236.665
148.815, 240.158
262.949, 240.143
445.022, 239.63
765.295, 241.526
798.796, 241.249
896.455, 241.377
746.278, 242.52
752.64, 241.968
793.615, 244.015
55.886, 245.713
673.12, 247.05
554.557, 253.475
569.288, 255.527
337.584, 257.716
553.755, 259.329
618.082, 258.983
299.826, 260.648
429.809, 262.065
824.021, 268.487
98.9737, 272.016
280.25, 279.433
293.583, 278.923
75.8769, 279.521
403.502, 286.3
594.42, 288.713
193.131, 291.107
617.273, 292.076
432.976, 293.045
376.021, 294.366
417.359, 294.744
637.209, 297.121
701.201, 296.67
255.023, 299.952
96.795, 301.227
537.649, 304.222
84.4574, 306.777
208.996, 309.612
831.535, 311.594
82.568, 312.857
442.237, 313.909
845.495, 316.957
54.3423, 318.043
91.3095, 317.718
43.935, 319.122
84.2334, 318.601
632.514, 322.428
929.131, 324.366
113.05, 333.403
128.648, 341.038
835.865, 345.328
638.288, 347.953
269.89, 353.069
692.117, 353.64
829.049, 356.598
600.75, 361.553
525.108, 364.011
160.274, 367.353
186.425, 370.662
431.627, 370.997
699.209, 371.702
511.468, 372.742
112.01, 375.276
792.578, 375.581
646.994, 376.729
92.5006, 378.428
36.9856, 382.148
578.128, 381.79
460.569, 385.132
493.729, 384.769
331.24, 386.03
898.353, 385.945
700.973, 389.272
489.649, 390.25
579.828, 390.904
425.887, 392.157
147.546, 397.922
23.1586, 399.127
473.944, 400.19
317.161, 402.741
399.117, 403.162
744.66, 404.777
522.006, 406.007
863.906, 409.197
326.233, 409.525
397.726, 410.063
68.1792, 413.636
52.8614, 419.828
233.297, 423.125
272.768, 422.954
322.285, 423.164
301.054, 424.027
106.821, 425.133
61.1573, 427.318
656.498, 426.939
341.033, 430.895
453.655, 431.56
504.842, 432.086
585.227, 435.466
665.188, 437.629
480.406, 439.448
670.548, 443.366
418.011, 449.22
494.046, 452.685
847.146, 452.848
278.425, 455.162
579.724, 454.625
267.029, 461.467
308.107, 461.169
156.002, 461.632
586.35, 466.146
641.991, 466.957
652.377, 466.627
29.9182, 468.103
351.398, 470.204
93.1961, 471.596
233.776, 475.869
239.833, 476.315
402.682, 477.907
428.678, 478.208
88.4254, 479.918
322.929, 482.918
443.948, 482.613
479.658, 483.022
548.233, 486.739
49.0634, 488.006
712.232, 488.43
475.164, 497.967
698.728, 498.01
155.537, 498.995
610.635, 499.13
60.5186, 499.821
776.216, 501.035
494.759, 502.357
711.837, 504.434
165.83, 505.301
653.417, 510.053
278.072, 516.705
317.04, 523.999
271.293, 525.911
282.822, 526.903
611.122, 528.987
798.542, 528.668
820.333, 529.033
561.673, 531.089
840.044, 530.945
127.904, 533.065
603.299, 535.92
453.298, 536.836
495.707, 536.702
493.308, 541.08
159.669, 547.056
340.702, 552.555
139.948, 558.847
490.1, 562.068
673.871, 563.633
727.228, 564.822
53.5967, 566.72
186.421, 570.834
356.892, 571.676
816.823, 572.467
179.462, 573.36
679.005, 573.222
169.881, 573.476
593.86, 574.324
603.147, 575.328
600.94, 580.257
312.175, 582.562
622.683, 585.319
84.4882, 587.013
379.042, 590.618
365.507, 593.13
479.655, 596.744
695.856, 599.005
34.6703, 599.948
367.214, 605.785
139.595, 606.763
626.853, 606.785
790.113, 607.891
330.44, 612.969
497.366, 613.962
373.048, 616.744
384.621, 617.295
772.314, 617.365
794.005, 616.549
339.774, 618.206
413.633, 619.622
768.332, 621.035
100.285, 623.288
464.519, 624.591
687.407, 624.981
248.47, 626.06
136.754, 628.925
244.99, 631.178
598.784, 633.294
25.0258, 634.074
80.5089, 638.662
33.2702, 640.437
62.0549, 643.38
76.3481, 642.517
383.813, 643.118
452.398, 644.034
65.9915, 664.942
388.527, 29.8233
572.698, 32.6515
139.86, 34.0887
381.926, 33.7985
417.982, 34.9437
698.851, 34.7142
405.743, 39.1025
709.213, 40.1521
75.6406, 54.6467
592.147, 60.0173
404.305, 61.3388
812.058, 63.3371
393.847, 64.4688
45.9469, 65.9995
244.002, 75.7461
887.557, 79.6165
340.921, 82.0308
477.855, 82.147
291.421, 83.2842
212.906, 89.8036
45.8247, 97.0112
432.894, 101.218
566.97, 102.717
58.1402, 110.698
675.559, 124.075
206.702, 131.622
303.398, 133.813
883.883, 137.358
681.622, 138.958
456.959, 146.272
250.678, 155.322
153.671, 156.555
582.707, 157.308
704.68, 164.771
723.344, 164.96
390.964, 166.234
669.792, 168.203
446.185, 169.618
260.273, 172.736
854.591, 172.626
888.836, 173.44
291.851, 174.774
228.956, 179.023
745.913, 197.361
423.8, 202.851
715.142, 203.448
115.124, 204.62
348.155, 207.448
664.981, 207.866
37.5989, 212.858
897.594, 218.432
58.6873, 231.037
715.312, 232.015
415.409, 249.111
57.2908, 252.623
576.734, 254.298
40.9104, 254.733
491.245, 259.416
897.261, 259.032
711.611, 259.512
100.06, 261.016
464.229, 259.264
200.948, 266.135
659.31, 265.567
464.283, 267.631
393.753, 271.058
728.894, 271.061
780.164, 270.963
510.51, 272.296
472.095, 273.928
229.519, 286.185
358.28, 285.677
712.469, 287.042
152.189, 287.7
329.211, 288.884
448.689, 291.02
837.022, 291.358
607.392, 292.429
676.859, 298.828
521.179, 301.473
587.19, 306.405
494.873, 317.358
606.073, 317.161
459.929, 318.386
543.551, 327.046
142.267, 328.064
412.597, 328.89
704.632, 331.367
748.136, 332.107
814.711, 346.474
404.395, 353.687
759.68, 353.79
646.791, 355.064
781.76, 360.84
196.835, 363.711
421.7, 368.551
59.0406, 377.437
80.3246, 378.208
48.8972, 379.981
198.818, 381.2
562.106, 381.071
170.369, 382.528
485.554, 383.713
516.322, 385.56
325.11, 389.666
636.337, 390.218
504.229, 395.153
812.727, 400.9
579.757, 403.73
631.431, 409.88
354.088, 410.543
575.363, 430.057
479.687, 433.194
819.465, 440.489
521.293, 440.963
55.9608, 445.922
120.654, 446.992
108.653, 451.133
160.913, 455.766
896.949, 456.312
869.948, 456.801
356.189, 459.428
463.609, 460.193
446.062, 461.068
173.42, 473.166
390.946, 477.197
77.4271, 481.36
659.52, 494.905
229.806, 497.872
287.035, 504.243
745.843, 512.993
537.773, 520.828
87.5393, 531.558
86.2124, 538.622
719.306, 574.749
497.066, 589.617
659.084, 591.825
123.774, 597.917
437.116, 598.989
488.258, 603.8
323.219, 605.003
674.092, 605.283
316.791, 608.96
105.527, 612.81
869.064, 612.998
218.17, 618.421
730.98, 618.053
866.015, 619.465
508.201, 631.088
691.53, 25.3496
193.579, 31.4653
764.659, 36.5407
155.676, 41.1372
124.505, 50.1401
574.446, 50.6071
270.84, 61.9629
117.932, 64.1662
499.551, 68.1521
666.283, 85.2251
237.12, 90.7161
661.059, 91.2882
841.584, 94.9464
690.616, 99.3371
61.9975, 101.007
301.143, 142.586
881.685, 145.709
94.6009, 149.751
739.986, 150.456
144.89, 158.929
318.326, 169.742
712.358, 170.869
366.413, 182.28
823.005, 186.139
317.144, 196.341
683.119, 202.657
525.334, 223.41
351.53, 225.637
503.44, 266.236
602.816, 284.299
371.571, 285.968
263.927, 289.164
316.886, 288.864
115.122, 291.371
330.631, 304.047
258.654, 307.565
524.966, 321.631
66.8853, 335.553
450.74, 338.542
700.865, 343.151
344.642, 365.258
346.882, 375.07
444.646, 386.94
555.568, 387.301
104.375, 390.951
294.29, 391.688
631.123, 397.653
785.604, 406.369
218.06, 412.308
697.736, 418.163
759.599, 418.829
756.202, 432.57
217.308, 433.88
635.21, 437.769
801.731, 442.078
587.366, 444.296
441.526, 451.099
770.335, 454.771
331.681, 459.151
396.975, 461.899
530.272, 470.577
412.714, 493.768
506.605, 516.643
353.584, 527.072
143.726, 542.217
309.672, 570.069
672.8, 615.658
323.242, 639.299
214.475, 655.279
585.902, 41.7965
688.658, 42.227
91.6973, 55.8672
528.657, 79.6198
715.849, 100.543
147.602, 101.987
667.793, 135.749
511.603, 143.82
821.924, 146.619
435.872, 165.732
768.196, 184.597
755.677, 191.067
363.312, 191.544
188.011, 205.482
264.055, 206.432
204.202, 224.323
340.096, 224.812
175.438, 226.116
38.0433, 231.468
129.45, 243.33
862.473, 262.189
349.997, 270.451
653.277, 274.784
869.227, 283.434
128.228, 294.024
35.2427, 325.974
532.197, 330.199
738.495, 334.535
353.232, 342.192
370.401, 341.701
506.463, 387.725
748.137, 392.059
69.7693, 438.732
70.9864, 452.631
376.156, 468.373
139.009, 488.406
125.421, 521.508
327.817, 521.52
113.316, 537.155
284.017, 547.37
758.428, 566.408
733.076, 579.263
188.364, 602.398
42.0651, 624.618
498.161, 635.352
499.943, 46.9978
211.787, 72.567
87.8954, 78.2089
702.372, 146.469
161.109, 186.432
366.11, 230.771
551.864, 305.663
53.2582, 330.379
508.739, 366.328
887.33, 396.277
695.582, 399.635
708.946, 412.117
270.237, 438.248
490.252, 449.152
550.181, 482.035
853.215, 493.253
527.111, 507.289
743.36, 517.873
275.939, 638.262
42.8808, 49.0333
634.574, 52.0034
264.313, 69.2677
508.63, 85.6167
619.495, 109.047
723.904, 134.156
130.096, 151.666
871.204, 168.582
201.336, 227.907
848.434, 302.409
698.37, 334.808
812.609, 428.532
831.905, 458.285
571.359, 504.385
691.627, 534.99
117.794, 626.305
671.058, 145.061
649.985, 259.277
511.901, 332.63
94.077, 552.907
81.4799, 572.597
273.904, 607.188
116.044, 497.626
