331.425, 58.7568
78.3668, 64.1685
638.063, 53.5836
525.674, 56.7058
750.084, 52.1084
200.581, 64.012
728.093, 53.8162
511.344, 58.8427
517.389, 59.8856
191.387, 68.5556
689.887, 59.8627
130.993, 70.7066
253.892, 68.579
459.869, 65.3692
685.41, 61.2501
98.2879, 73.5307
790.983, 62.4842
567.208, 68.0604
503.144, 69.3946
511.968, 69.3406
495.498, 70.5977
541, 70.4833
420.168, 74.4831
468.898, 74.7358
112.383, 81.3101
698.322, 71.7108
611.016, 73.3559
633.419, 72.5035
207.615, 80.9568
398.989, 77.2938
351.987, 79.3261
219.374, 83.0881
312.479, 81.5356
380.065, 80.1092
329.876, 83.3175
196.79, 86.0863
168.708, 86.2962
250.243, 86.9977
801.228, 77.899
378.744, 86.3031
118.212, 91.6327
811.487, 80.4262
289.797, 90.4813
165.398, 92.5928
498.183, 87.7002
188.852, 93.038
840.388, 82.4111
692.496, 85.656
712.596, 86.1871
298.997, 93.4132
757.026, 85.6377
357.632, 92.6
660.465, 87.9972
652.315, 89.0214
769.709, 86.9491
411.777, 93.5497
589.862, 91.276
161.604, 97.8198
544.028, 91.5525
710.809, 89.3888
657.275, 91.2719
66.673, 99.1639
198.422, 98.5515
334.47, 97.0327
769.188, 90.7802
716.555, 91.7349
181.98, 100.332
538.722, 97.9475
720.017, 96.2445
658.656, 96.6857
158.448, 105.659
426.787, 102.182
354.014, 106.905
408.304, 105.932
452.714, 106.201
690.544, 102.949
721.107, 102.636
411.369, 107.902
726.648, 106.459
546.754, 109.466
563.914, 109.407
370.863, 113.463
159.522, 117.344
145.693, 117.867
646.568, 112.833
690.986, 112.278
699.176, 112.611
656.323, 114.609
154.25, 120.678
319.25, 119.187
593.802, 115.51
140.024, 122.165
561.117, 117.929
205.313, 122.62
800.305, 114.045
687.855, 117.652
177.26, 123.752
807.844, 117.452
711.805, 119.766
757.348, 119.502
363.043, 125.081
680.887, 121.91
621.442, 122.294
524.615, 123.909
67.0657, 129.474
293.781, 127.777
739.104, 122.567
684.924, 124.471
460.071, 127.118
533.994, 126.779
598.402, 125.858
454.171, 127.918
321.008, 131.612
307.901, 132.825
359.992, 135.146
351.8, 137.383
686.236, 134.253
621.548, 135.739
231.508, 140.846
490.826, 139.652
567.456, 139.495
731.613, 142.425
172.015, 147.712
196.149, 148.538
763.264, 144.003
607.054, 145.482
347.974, 149.19
380.087, 148.249
116.626, 151.806
296.13, 152.445
398.903, 151.81
484.743, 150.893
549.948, 152.163
725.225, 151.364
504.887, 153.221
538.603, 153.616
499.852, 154.386
447.155, 155.811
543.703, 154.735
340.43, 158.028
358.634, 158.547
427.215, 158.372
378.964, 161.514
551.959, 160.652
81.5843, 164.185
157.254, 166.683
302.759, 166.732
677.866, 165.124
813.434, 160.696
227.849, 169.98
222.487, 171.405
362.703, 171.221
495.548, 172.557
693.303, 174.266
609.079, 175.57
66.4997, 177.363
87.0099, 179.508
226.57, 178.445
622.231, 177.464
267.584, 180.061
650.763, 178.462
530.81, 179.476
587.526, 179.39
490.962, 180.412
294.854, 182.514
154.735, 183.571
571.333, 182.69
676.043, 182.989
339.098, 184.456
578.687, 185.218
273.341, 186.522
585.061, 185.999
441.575, 186.979
540.577, 187.618
381.579, 188.611
386.676, 189.827
183.368, 190.691
302.388, 191.27
454.671, 190.575
219.745, 193.584
261.196, 194.186
670.32, 194.892
65.1572, 194.611
245.394, 196.801
77.9864, 197.508
407.677, 196.895
473.883, 198.629
851.37, 197.627
551.273, 198.972
428.388, 201.344
483.211, 201.835
46.6956, 202.159
488.966, 202.799
759.915, 203.555
499.389, 204.117
643.612, 204.644
374.07, 205.768
748.959, 205.392
305.517, 206.325
649.911, 207.414
801.549, 207.503
533.139, 207.492
428.967, 208.54
50.0063, 209.341
348.018, 209.081
360.688, 209.35
422.905, 209.321
763.597, 209.218
688.416, 210.614
565.917, 211.703
137.34, 213.444
430.843, 214.606
347.782, 216.135
467.737, 216.419
536.417, 216.322
251.31, 216.391
302.717, 217.452
232.793, 218.574
256.404, 219.202
451.408, 220.476
764.404, 220.905
246.143, 219.337
123.028, 220.777
672.691, 222.624
398.908, 223.184
122.1, 223.214
197.07, 223.211
595.396, 224.281
589.042, 225.593
437.415, 226.017
84.2749, 225.425
388.268, 226.888
698.995, 228.351
619.247, 229.169
149.169, 229.536
391.938, 229.582
779.131, 230.882
359.034, 229.891
491.421, 231.518
558.943, 232.068
612.226, 232.856
143.505, 233.565
671.258, 235.664
708.72, 237.015
700.895, 238.593
580.535, 238.459
619.757, 239.726
187.959, 238.244
160.318, 238.623
483.481, 240.488
587.109, 241.152
246.55, 240.024
190.88, 241.783
162.57, 243.208
518.452, 245.074
403.486, 245.968
252.812, 246.784
335.007, 247.091
341.342, 246.956
178.194, 247.32
209.375, 247.15
104.943, 248.05
492.85, 251.175
672.063, 252.797
208.784, 249.98
638.62, 253.969
377.826, 256.004
759.987, 261.404
844.214, 264.083
183.054, 259.094
109.083, 260.417
470.271, 262.911
747.104, 265.458
462.046, 264.054
635.836, 265.182
456.919, 264.899
653.963, 266.441
317.517, 264.44
490.229, 263.177
501.551, 265.588
667.058, 267.785
675.21, 267.893
685.059, 267.968
272.49, 264.922
764.482, 270.017
629.908, 269.439
580.313, 270.685
622.548, 271.344
94.4239, 267.033
417.948, 270.741
289.927, 270.125
320.41, 270.699
506.912, 272.076
149.713, 269.491
475.997, 272.628
364.652, 272.971
124.395, 271.15
258.7, 272.549
708.83, 277.026
173.37, 272.281
88.3795, 272.734
139.46, 273.923
247.894, 277.548
748.032, 282.598
691.076, 283.097
346.333, 278.041
645.924, 282.881
559.307, 282.903
311.383, 280.733
666.046, 287.622
782.444, 290.42
232.798, 285.342
658.428, 290.115
377.015, 289.933
481.824, 291.402
626.582, 292.621
574.506, 292.521
539.946, 292.724
689.698, 294.591
698.921, 294.894
515.984, 293.492
97.6007, 289.916
65.9363, 289.962
153.853, 291.008
272.623, 293.02
713.703, 298.733
471.072, 296.354
699.373, 300.368
379.413, 296.551
114.807, 293.867
77.385, 294.366
87.8761, 295.954
200.615, 297.218
150.083, 297.877
691.244, 304.747
57.7891, 297.141
669.267, 305.029
240.919, 301.022
322.576, 302.552
431.226, 305.659
284.218, 303.776
352.055, 305.422
152.78, 303.6
687.84, 308.126
651.643, 310.954
114.408, 305.96
583.618, 313.336
359.569, 311.319
459.042, 312.407
264.615, 310.332
556.938, 315.228
466.418, 314.212
136.379, 309.08
553.162, 316.403
548.664, 316.862
649.937, 317.92
56.3275, 311.816
721.973, 321.781
542.343, 319.505
644.785, 321.784
691.475, 322.708
567.285, 320.939
406.763, 320.892
480.707, 321.823
751.46, 326.429
55.9187, 317.763
417.023, 322.455
510.855, 323.606
723.045, 327.012
795.914, 330.042
329.591, 328.317
788.464, 334.31
531.692, 330.234
222.996, 325.698
676.515, 333.213
781.047, 336.251
621.351, 334.004
614.106, 334.121
729.169, 338.38
791.847, 339.83
743.892, 340.195
266.929, 332.532
482.856, 336.568
518.082, 338.155
594.311, 339.904
639.859, 340.982
790.124, 343.306
125.02, 331.994
52.4897, 331.88
183.327, 335.039
393.783, 338.692
723.619, 344.866
66.2659, 334.262
473.343, 342.686
426.526, 343.293
553.023, 345.506
406.928, 344.534
157.583, 340.402
783.189, 353.203
563.006, 349.491
505.826, 349.065
463.962, 349.372
756.818, 354.367
137.48, 343.162
374.604, 347.68
364.515, 347.819
517.56, 350.923
646.973, 354.816
83.5533, 344.686
552.104, 355.939
492.907, 355.779
247.494, 353.636
414.405, 358.08
488.18, 367.957
613.453, 371.098
118.318, 362.026
161.243, 363.471
261.634, 366.321
377.435, 370.287
460.12, 373.554
769.615, 380.621
596.332, 377.147
231.446, 369.876
644.839, 378.798
147.453, 368.513
613.65, 378.875
75.4321, 367.296
603.609, 379.225
608.116, 379.668
751.846, 383.163
494.527, 378.395
265.369, 373.416
374.041, 376.042
342.94, 375.677
844.003, 388.164
477.345, 379.27
296.952, 377.505
320.356, 381.48
826.551, 393.871
345.105, 382.445
221.078, 383.417
467.747, 392.769
674.391, 396.203
612.147, 395.594
512.6, 396.509
114.737, 387.658
339.364, 393.292
152.271, 389.541
706.903, 403.784
133.114, 388.277
165.83, 391.409
205.983, 391.345
541.368, 399.957
514.079, 399.628
507.186, 399.963
89.0991, 389.931
695.859, 405.571
480.061, 400.158
374.469, 397.849
405.103, 398.898
528.922, 401.727
700.503, 406.665
521.152, 403.343
659.444, 407.685
440.472, 402.515
216.016, 396.999
241.15, 398.111
464.633, 404.511
312.012, 400.927
306.717, 401.534
572.738, 410.416
589.196, 410.35
716.346, 414.337
622.199, 412.672
644.863, 413.799
737.581, 417.181
807, 418.987
609.64, 415.224
372.693, 409.855
149.088, 404.317
702.686, 419.947
349.66, 410.828
711.47, 420.988
363.91, 413.97
757.851, 426.822
828.003, 431.094
276.632, 419.139
525.985, 426.442
819.136, 434.883
351.622, 422.029
305.878, 423.93
418.015, 427.649
312.485, 425.06
112.707, 421.776
391.475, 430.6
258.831, 430.454
643.525, 440.069
671.233, 440.586
149.342, 425.65
564.163, 439.536
574.43, 439.841
66.7669, 426.57
551.902, 441.744
512.42, 441.051
823.07, 451.803
111.318, 430.942
770.599, 450.444
204.498, 432.63
222.363, 432.924
408.998, 441.206
141.311, 434.46
245.162, 437.636
374.6, 441.781
693.976, 452.698
417.402, 444.184
301.957, 441.487
122.664, 436.571
320.91, 444.082
551.224, 448.988
213.018, 444.727
340.307, 446.784
242.772, 444.571
266.912, 447.896
391.217, 451.987
443.126, 453.398
551.967, 457.384
788.003, 464.337
379.632, 451.904
401.179, 452.924
674.496, 467.621
292.237, 455.404
529.092, 464.212
363.905, 460.543
240.87, 456.806
569.359, 468.984
209.411, 456.152
648.354, 474.649
104.466, 455.797
227.454, 461.253
185.378, 460.719
587.67, 473.207
150.89, 460.23
250.332, 463.588
775.485, 483.14
784.901, 485.204
208.816, 464.732
830.44, 489.021
315.913, 470.572
204.09, 467.986
473.176, 482.343
480.347, 482.665
494.04, 482.991
313.898, 475.823
527.049, 485.7
695.207, 492.125
550.34, 487.121
219.464, 474.759
366.101, 480.931
496.507, 485.912
602.598, 489.915
467.174, 485.818
320.394, 480.552
593, 491.555
247.536, 479.575
569.528, 491.461
136.006, 477.473
679.07, 498.915
604.736, 496.94
611.233, 497.746
707.458, 503.034
555.804, 497.448
374.757, 491
205.925, 485.1
769.832, 508.796
244.1, 488.709
809.358, 511.323
511.145, 500.376
60.0512, 484.999
452.204, 500.847
500.271, 504.845
360.329, 500.399
84.3966, 490.999
387.781, 504.118
466.153, 503.478
158.041, 494.436
421.285, 505.732
681.655, 516.101
487.817, 509.163
210.422, 498.732
370.831, 504.916
313.569, 503.767
453.427, 509.219
473.841, 511.639
573.232, 514.37
442.152, 510.462
354.531, 507.236
404.479, 509.512
279.08, 507.433
534.948, 515.908
531.414, 516.364
295.966, 507.659
710.59, 525.251
555.358, 520.611
574.284, 521.868
74.0982, 501.714
758.83, 527.694
239.502, 509.878
421.231, 517.538
530.364, 522.435
98.9098, 505.134
234.551, 511.915
676.486, 528.768
721.449, 533.572
381.642, 519.996
663.126, 533.026
780.984, 538.736
677.92, 533.417
98.131, 510.73
272.482, 517.952
234.227, 517.545
659.703, 536.607
683.36, 537.694
595.612, 534.89
486.958, 531.597
271.516, 523.053
554.698, 536.704
197.262, 522.852
687.823, 544.759
508.728, 537.551
521.906, 538.33
293.763, 529.548
326.976, 531.282
592.959, 544.687
63.5564, 522.076
149.341, 526.418
199.243, 528.838
524.137, 543.978
608.103, 548.913
665.458, 551.431
588.335, 548.278
404.181, 540.829
701.074, 554.698
689.473, 554.799
109.446, 529.565
223.921, 535.139
150.027, 532.999
672.925, 556.836
257.022, 538.394
189.43, 535.9
204.269, 540.881
340.141, 544.414
629.983, 558.74
370.692, 546.513
295.337, 544.086
229.012, 540.632
551.449, 556.662
727.009, 564.859
347.853, 546.963
675.843, 563.847
140.409, 540.06
246.321, 544.686
352.938, 550.517
713.113, 568.302
168.798, 544.086
209.053, 545.148
172.519, 544.907
561.716, 565.716
425.97, 559.487
72.1841, 545.591
668.101, 575.093
500.776, 568.545
663.204, 575.327
388.69, 563.129
313.442, 559.709
536.571, 572.464
127.671, 552.984
584.793, 575.854
291.923, 563.022
137.499, 559.229
299.384, 567.971
668.687, 585.844
728.171, 589.488
249.447, 567.348
759.202, 592.939
418.43, 577.679
113.875, 563.134
685.219, 591.917
427.506, 580.536
294.282, 574.591
211.693, 571.919
108.644, 566.176
483.501, 587.346
89.9652, 570.474
343.454, 586.877
227.31, 581.799
377.347, 589.562
271.234, 585.109
728.328, 608.455
173.047, 580.18
186.613, 581.589
168.041, 581.061
480.097, 598.912
208.074, 586.047
392.411, 595.653
310.808, 591.935
62.5111, 580.07
634.069, 610.27
572.145, 607.544
125.067, 584.625
262.348, 589.557
143.177, 586.545
85.4087, 584.624
465.909, 606.161
481.133, 607.145
325.224, 599.384
266.243, 596.748
161.941, 592.14
674.334, 620.373
187.521, 594.155
349.985, 603.045
378.994, 604.843
424.922, 606.744
161.783, 595.111
310.43, 604.43
674.215, 626.216
125.486, 596.943
170.137, 600.153
506.861, 618.136
256.523, 604.76
465.338, 617.895
423.505, 616.485
652.13, 631.056
589.355, 630.413
203.672, 612.185
593.896, 634.297
495.426, 629.61
652.385, 638.418
361.445, 623.973
482.898, 630.651
686.981, 648.464
380.05, 633.492
444.019, 637.3
159.864, 622.194
443.26, 641.628
165.522, 626.018
238.679, 631.229
463.52, 645.541
502.454, 648.905
532.809, 652.547
437.699, 647.998
336.298, 639.434
458.878, 650.258
390.727, 647.319
273.385, 640.727
158.335, 634.727
401.267, 649.27
286.47, 643.234
345.254, 647.054
87.378, 634.1
159.148, 638.511
383.201, 654.934
394.255, 656.435
352.323, 654.443
181.139, 645.366
149.708, 647.168
214.044, 650.766
189.827, 651.05
105.465, 650.256
676.191, 53.059
290.132, 63.0291
307.562, 62.4038
541.113, 57.2861
282.66, 63.0421
124.548, 66.4808
273.076, 64.0879
238.972, 65.801
262.519, 65.1396
277.517, 65.1752
544.148, 59.857
267.019, 65.9529
287.48, 65.9921
233.246, 68.0138
557.981, 62.1112
50.7943, 73.4735
533.925, 64.5495
592.62, 63.368
278.323, 70.5682
79.5529, 74.9353
106.571, 75.1879
385.089, 70.6052
437.379, 69.8708
583.819, 67.9005
599.605, 67.763
579.484, 68.2858
779.984, 65.1684
103.843, 78.4137
570.745, 70.4474
529.732, 72.3565
146.465, 83.5327
795.442, 70.8301
52.9298, 85.5193
282.57, 83.8639
143.59, 86.6175
243.603, 85.051
448.202, 82.8708
684.883, 79.1998
337.401, 85.4983
832.204, 79.5363
58.3058, 92.308
66.0515, 92.156
798.228, 80.5752
234.629, 90.5001
304.898, 89.6074
529.959, 87.3165
155.465, 95.5034
600.166, 89.0574
813.233, 86.0834
207.021, 95.9423
640.354, 89.1467
622.2, 90.2572
775.137, 88.0017
718.758, 89.0672
115.201, 98.6312
446.992, 93.9719
536.604, 93.5346
88.8372, 100.544
215.524, 98.8749
486.287, 94.5558
77.1136, 101.562
383.538, 96.8026
400.053, 96.778
555.028, 94.8752
194.062, 101.126
301.358, 99.9844
88.4895, 103.715
50.9715, 105.709
478.395, 99.4178
568.542, 98.2233
166.535, 106.515
178.039, 106.833
326.177, 105.517
390.157, 104.641
497.24, 103.165
668.519, 101.035
426.513, 105.85
673.828, 103.469
442.545, 106.996
398.013, 108.602
593.641, 106.211
774.643, 105.617
192.674, 115.435
796.242, 110.08
191.734, 118.336
100.503, 119.307
210.578, 118.66
216.941, 122.338
826.691, 115.338
510.566, 119.481
818.107, 116.054
744.759, 118.528
55.2085, 128.156
498.327, 123.903
560.583, 123.089
579.821, 123.928
648.156, 124.287
483.615, 126.91
679.928, 125.985
443.914, 128.812
357.072, 130.5
401.791, 132.023
185.492, 134.87
419.968, 132.48
220.131, 135.536
557.549, 132.172
791.342, 132.146
746.112, 133.084
420.689, 137.538
90.1451, 140.857
258.387, 139.979
317.574, 140.452
312.469, 140.948
363.738, 140.582
387.855, 140.595
67.1544, 144.157
677.409, 138.553
667.198, 139.376
178.85, 144.259
366.864, 143.283
397.825, 144.051
543.902, 144.35
147.299, 147.721
178.749, 147.921
525.387, 145.073
558.519, 146.505
362.924, 148.371
145.854, 150.677
89.7241, 152.544
289.458, 151.609
595.309, 150.946
780.074, 149.365
566.151, 151.103
508.593, 152.449
411.223, 155.485
642.55, 154.783
432.94, 156.674
253.983, 159.387
411.657, 159.477
565.773, 158.57
310.171, 162.028
167.046, 163.319
564.948, 162.322
769.792, 161.439
311.53, 165.606
358.16, 165.998
205.68, 167.614
672.376, 165.377
477.323, 167.319
211.733, 170.15
696.293, 167.764
493.234, 169.625
156.818, 172.07
499.733, 170.101
561.029, 170.307
176.706, 172.915
601.312, 170.475
77.0529, 174.469
209.154, 174.006
417.097, 172.897
578.708, 172.517
829.275, 172.017
247.94, 174.844
471.074, 174.729
187.907, 176.725
541.872, 176.287
365.431, 177.661
307.998, 178.695
242.02, 182.582
253.34, 183.625
353.774, 183.513
497.899, 183.894
575.515, 183.44
126.82, 186.459
357.587, 185.602
411.741, 186.153
67.1931, 187.956
221.55, 188.033
157.113, 189.177
341.961, 188.936
787.901, 188.163
650.565, 190.86
490.014, 193.402
266.111, 195.136
226.369, 196.236
454.865, 198.072
615.068, 198.783
704.728, 198.157
98.0036, 199.658
747.852, 198.62
460.743, 199.802
571.74, 200.695
677.319, 200.266
407.16, 200.813
422.156, 201.853
564.476, 202.981
64.5282, 203.923
587.081, 204.434
78.4492, 205.023
510.383, 205.272
676.992, 206.159
673.575, 207.089
635.089, 206.841
189.059, 208.327
143.848, 208.728
179.326, 209.288
253.983, 211.492
260.922, 211.862
465.801, 212.577
226.347, 213.089
322.146, 212.895
703.381, 213.751
472.236, 215.657
116.11, 217.314
156.07, 218.237
475.923, 218.751
71.1749, 219.414
180.023, 219.61
344.378, 219.97
237.811, 221.017
368.428, 221.348
130.912, 221.556
410.407, 221.778
311.542, 222.874
85.0708, 222.446
158.956, 223.923
531.915, 226.817
136.323, 226.16
462.3, 227.482
278.652, 227.404
470.905, 228.128
376.851, 228.655
489.06, 228.485
748.772, 230.959
807.731, 232.383
365.589, 231.96
308.582, 232.628
519.481, 233.302
720.315, 233.956
660.735, 234.985
510.528, 234.653
556.573, 235.283
795.9, 236.338
457.605, 235.908
522.749, 236.448
762.187, 238.581
340.829, 238.781
468.729, 241.015
648.638, 242.06
260.962, 242.453
153.174, 242.926
130.22, 243.022
322.741, 245.175
429.009, 246.836
296.229, 248.985
729.919, 252.6
100.635, 252.005
293.339, 253.458
461.108, 254.614
772.398, 256.879
517.145, 258.628
344.132, 258.493
386.859, 259.084
753.791, 261.471
199.133, 257.942
699.32, 263.049
530.749, 262.618
546.67, 264.014
776.163, 266.023
552.357, 264.525
697.083, 266.058
722.226, 266.389
783.307, 268.811
601.338, 267.825
100.996, 264.897
432.332, 267.268
513.516, 268.073
533.315, 268.497
538.607, 268.69
282.864, 266.633
736.048, 270.598
264.352, 267.497
377.34, 269.569
422.806, 270.059
195.555, 268.457
513.594, 272.03
550.946, 272.335
335.738, 270.991
356.181, 273.622
466.775, 276.933
362.933, 276.799
787.775, 281.089
739.819, 282.487
220.293, 279.662
797.138, 285.244
783.76, 287.016
162.899, 280.991
208.175, 280.962
318.909, 284.198
744.862, 290.905
70.9715, 283.442
405.659, 287.309
562.313, 289.284
604.703, 294.654
365.323, 290.155
476.987, 291.547
617.574, 293.467
87.8702, 287.314
638.713, 294.377
174.065, 289.342
295.085, 291.347
660.324, 295.422
283.121, 291.347
349.472, 292.212
185.572, 291.61
197.71, 292.738
303.676, 294.527
573.744, 299.998
490.932, 299.13
139.001, 296.464
419.359, 301.483
316.017, 303.488
226.689, 303.481
302.21, 306.07
404.679, 307.354
529.949, 310.383
443.613, 309.472
831.22, 316.285
617.366, 314.893
145.698, 308.446
530.317, 315.317
451.033, 315.388
213.786, 313.909
234.116, 313.938
487.84, 318.766
627.931, 321.051
833.235, 324.111
240.512, 315.407
495.395, 319.39
589.245, 320.81
846.533, 324.591
793.866, 325.274
98.4049, 315.961
292.284, 318.951
451.708, 321.749
597.709, 324.453
641.903, 325.523
781.028, 330.101
311.605, 323.677
802.062, 333.328
514.868, 329.06
287.68, 326.511
257.369, 326.649
379.543, 328.682
662.641, 334.668
799.524, 339.81
176.342, 329.467
191.721, 330.913
376.125, 333.631
368.937, 334.994
189.247, 333.979
766.749, 345.312
111.92, 334.53
313.856, 339.328
639.135, 345.774
271.323, 339.333
373.757, 341.566
385.44, 341.461
508.438, 343.913
539.038, 345.123
231.314, 339.968
278.475, 340.284
590.589, 347.15
522.791, 345.86
209.496, 340.907
383.009, 344.705
540.298, 348.623
805.181, 353.519
490.31, 347.953
316.911, 346.33
424.339, 348.944
104.076, 344.01
677.332, 355.498
790.154, 357.702
808.483, 357.933
93.9674, 344.381
566.923, 354.064
547.774, 362.078
103.08, 353.64
115.739, 353.666
218.525, 357.267
318.662, 359.496
528.453, 366.029
287.111, 361.317
638.654, 370.61
217.764, 363.498
451.601, 367
96.7951, 360.048
237.03, 363.583
70.6845, 360.472
430.202, 368.27
230.368, 364.408
688.257, 376.054
344.603, 369.682
626.716, 378.385
472.283, 375.157
620.461, 378.666
656.445, 379.688
437.764, 374.62
182.647, 369.925
517.71, 377.568
701.118, 382.486
760.697, 383.572
785.242, 384.694
546.691, 379.936
350.062, 375.653
489.025, 379.251
709.622, 384.556
273.091, 374.809
514.606, 380.798
632.835, 383.887
452.906, 379.697
221.998, 375.029
319.769, 377.441
226.497, 377.873
686.543, 389.084
300.907, 380.077
377.415, 382.896
280.995, 380.953
389.348, 384.293
697.668, 394.088
80.1871, 381.612
346.683, 388.17
406.867, 389.513
59.4516, 383.342
258.458, 389.137
547.523, 396.156
330.227, 392.305
194.415, 389.607
444.93, 397.073
252.261, 392.299
425.677, 397.608
177.837, 392.045
236.877, 394.989
545.883, 403.987
509.939, 403.652
552.798, 405.212
426.998, 402.332
264.881, 400.39
747.889, 414.443
105.181, 397.754
489.655, 409.233
679.86, 414.357
76.4259, 398.505
65.7485, 399.119
533.104, 412.491
661.887, 416.665
106.015, 401.983
355.068, 408.331
649.224, 417.892
739.797, 422.141
118.972, 405.401
137.069, 406.346
396.086, 415.838
525.511, 421.173
418.385, 418.373
237.739, 415.047
343.529, 417.87
634.362, 426.474
441.042, 421.425
322.489, 418.182
359.945, 419.431
657.701, 431.111
214.026, 418.58
473.582, 426.975
248.744, 420.664
791.036, 437.443
133.027, 419.166
331.282, 424.679
604.218, 432.642
341.465, 425.657
437.384, 428.756
527.812, 431.535
345.652, 428.342
51.4937, 419.138
517.024, 433.915
600.75, 437.577
139.851, 423.606
626.776, 440.105
396.073, 433.469
550.389, 438.19
657.078, 442.533
52.1988, 424.943
342.152, 434.009
200.554, 430.709
92.2656, 426.965
597.951, 445.684
490.616, 443.583
188.225, 434.414
574, 446.953
311.586, 439.111
83.9866, 432.564
90.3995, 434.128
355.529, 442.087
632.823, 451.36
491.661, 448.56
817.971, 461.884
477.919, 451.037
567.361, 454.091
280.028, 445.151
135.643, 442.102
427.638, 452.285
636.733, 459.654
154.384, 445.109
332.019, 451.054
568.128, 458.997
777.858, 466.295
649.028, 462.555
273.891, 450.048
318.539, 451.246
478.161, 457.784
229.879, 449.947
193.481, 448.932
259.38, 451.768
776.2, 470.01
544.856, 462.441
183.677, 451.383
522.865, 463.001
484.916, 465.236
269.484, 457.439
321.659, 459.259
480.815, 465.054
655.646, 472.232
802.478, 479.246
342.116, 464.273
141.739, 457.482
234.447, 461.331
197.237, 461.558
571.552, 475.845
218.996, 463.925
795.19, 485.45
236.363, 465.367
508.375, 475.105
790.083, 486.407
170.05, 463.86
245.424, 466.924
128.979, 465.334
501.925, 479.414
538.041, 480.645
261.372, 472.976
519.031, 483.16
342.68, 477.051
225.126, 473.07
268.275, 474.717
499.887, 484.236
293.488, 477.256
134.587, 472.305
390.862, 481.168
741.946, 495.473
346.94, 481.483
643.127, 494.882
668.616, 495.482
553.884, 492.668
730.676, 499.194
616.487, 496.102
288.06, 483.782
557.596, 494.04
647.332, 498.121
551.554, 497.196
507.44, 495.506
513.752, 496.865
670.442, 502.99
757.607, 507.041
821.976, 510.725
253.341, 488.392
329.518, 492.842
439.632, 497.427
233.562, 489.801
84.6661, 488.279
322.784, 497.228
132.551, 491.136
63.8596, 489.594
333.538, 500.561
448.068, 508.129
342.42, 504.724
458.948, 512.767
546.135, 518.852
660.369, 525.559
173.035, 506.845
697.921, 530.205
246.48, 511.332
785.314, 534.409
751.632, 534.128
452.459, 521.448
330.462, 517.132
561.84, 528.678
610.225, 532.795
785.965, 541.276
290.978, 520.127
87.3449, 512.453
347.429, 524.766
784.422, 545.123
118.086, 516.958
366.526, 529.158
437.882, 534.019
112.516, 520.642
539.593, 539.464
610.792, 542.937
785.806, 551.588
583.486, 543.718
616.68, 545.242
603.872, 545.791
262.71, 531.861
490.597, 541.956
115.593, 526.897
84.0719, 527.84
654.002, 554.864
718.123, 559.459
133.483, 533.374
585.853, 554.693
659.565, 558.476
668.054, 558.9
304.495, 542.426
462.133, 549.689
147.862, 536.055
333.626, 545.157
315.503, 545.651
633.625, 560.842
747.889, 566.547
207.947, 541.735
591.488, 559.431
390.306, 551.042
557.615, 560.998
692.972, 568.034
337.011, 550.81
419.539, 554.405
315.211, 552.208
331.685, 555.046
199.773, 552.001
454.221, 564.272
625.449, 573.009
632.947, 573.716
137.605, 552.701
186.905, 556.433
182.56, 561.741
323.23, 571.133
740.896, 593.157
341.22, 575.34
369.699, 576.89
49.9657, 562.461
588.059, 590.172
448.466, 584.49
616.133, 594.808
467.181, 587.122
130.914, 570.429
293.707, 579.184
248.879, 577.292
675.179, 601.135
513.086, 593.407
522.651, 593.621
716.627, 604.141
517.844, 593.857
606.85, 598.583
629.923, 600.547
246.193, 580.857
473.705, 592.521
591.71, 600.729
708.462, 607.656
657.932, 605.892
622.807, 604.831
366.18, 592.664
589.563, 604.553
697.705, 611.152
352.01, 592.891
613.396, 608.217
256.159, 588.943
398.957, 596.636
230.094, 588.299
187.74, 587.464
302.433, 594.193
566.693, 608.875
248.014, 592.808
695.022, 617.233
71.8403, 584.307
290.51, 595.426
285.864, 597.48
704.758, 620.439
400.257, 603.925
583.094, 613.893
603.826, 615.118
122.135, 589.911
76.497, 588.626
436.464, 608.518
155.638, 595.664
260.504, 601.596
718.428, 627.566
462.926, 614.945
572.381, 621.456
418.924, 615.595
542.422, 622.476
393.63, 615.927
535.199, 625.084
207.925, 608.649
455.441, 621.456
556.159, 627.713
621.224, 631.329
189.1, 610.101
514.638, 629.035
599.999, 634.066
133.282, 607.829
84.5114, 606.051
610.417, 636.714
67.9106, 607.814
708.525, 643.58
804.535, 649.648
665.551, 641.876
751.714, 650.057
354.725, 627.539
553.204, 639.196
640.483, 644.285
445.104, 633.557
250.007, 623.211
420.139, 633.615
768.037, 654.302
394.062, 632.478
594.574, 644.447
674.364, 649.941
209.415, 625.004
693.334, 653.708
286.616, 629.935
613.794, 650.151
240.458, 628.028
294.61, 631.846
118.929, 622.18
594.975, 653.542
102.425, 625.405
225.569, 632.759
564.171, 652.98
160.137, 629.966
323.115, 639.863
304.37, 641.247
488.328, 654.349
407.095, 649.844
53.5353, 629.886
350.363, 647.821
393.374, 650.526
114.083, 634.907
358.405, 652.042
189.708, 644.574
344.364, 654.926
363.945, 656.664
227.494, 652.991
264.874, 656.185
145.241, 654.655
111.953, 655.879
284.641, 59.7002
292.032, 59.5242
669.986, 52.0244
353.613, 59.3891
267.935, 62.4793
535.348, 58.0111
221.959, 66.3429
301.547, 65.2785
312.94, 65.076
424.825, 63.0338
659.89, 58.5856
637.699, 59.9987
308.948, 66.5357
88.7974, 73.4293
352.954, 69.4155
130.149, 74.4237
591.807, 67.4568
136.33, 77.9134
98.3508, 80.5359
791.274, 73.0536
131.647, 85.8612
401.402, 86.0768
240.339, 88.6806
259.99, 88.4921
323.741, 89.2873
203.843, 92.5196
828.739, 82.4081
239.493, 93.105
526.033, 88.3267
734.013, 86.8461
557.535, 90.8159
104.047, 98.7981
83.5938, 101.398
54.272, 102.899
274.465, 101.01
349.13, 100.638
419.849, 101.33
310.871, 105.4
772.827, 100.344
79.9252, 110.122
175.767, 110.344
259.879, 110.323
377.991, 109.762
642.825, 106.125
550.221, 108.58
818.994, 105.137
167.303, 114.488
423.121, 112.893
123.133, 119.306
553.635, 114.788
93.3928, 120.951
724.371, 113.669
471.865, 116.663
729.457, 114.093
224.613, 122.124
839.137, 116.027
74.7892, 124.895
390.522, 123.414
63.2771, 126.398
495.023, 123.908
537.163, 124.194
144.943, 129.096
630.953, 125.563
398.496, 128.848
404.961, 128.397
606.468, 126.136
548.88, 129.344
554.168, 129.349
459.356, 130.961
526.76, 131.545
445.731, 133.606
767.78, 130.023
279.971, 139.216
727.043, 138.777
391.462, 143.536
376.621, 144.864
721.35, 143.964
690.35, 144.381
836.979, 143.544
154.83, 149.769
415.064, 147.052
504.227, 147.971
58.243, 151.816
656.354, 147.503
477.542, 153.362
453.732, 154.438
462.423, 156.162
587.447, 155.276
299.648, 158.458
349.464, 157.756
209.824, 159.319
287.052, 159.285
232.531, 159.824
614.249, 157.389
724.328, 157.764
592.426, 161.197
353.563, 162.375
425.114, 162.129
252.911, 164.432
570.912, 161.791
510.366, 163.117
212.981, 166.84
284.171, 166.172
202.868, 170.229
88.8849, 172.487
744.321, 170.365
511.019, 172.164
202.364, 174.098
653.006, 173.018
701.504, 172.386
153.615, 175.909
268.033, 175.47
627.482, 179.956
328.081, 181.819
398.258, 181.458
787.289, 180.933
517.978, 182.43
224.585, 184.92
635.169, 184.929
515.3, 187.778
335.704, 188.652
350.331, 189.978
447.469, 190.411
703.974, 191.084
529.141, 192.713
207.47, 196.381
389.352, 198.637
447.287, 199.869
373.249, 200.682
306.687, 201.299
554.536, 200.855
731.262, 200.646
197.36, 202.783
94.572, 203.436
529.64, 203.406
849.897, 204.945
694.065, 205.161
719.033, 205.219
704.684, 205.315
668.745, 207.122
562.901, 207.321
81.9594, 208.548
551.717, 208.673
498.95, 212.296
417.886, 212.54
713.34, 212.88
64.1328, 213.089
796.146, 213.337
496.697, 216.434
675.035, 216.732
181.797, 216.073
718.949, 218.35
55.9794, 218.815
464.378, 219.425
98.6785, 219.233
266.716, 219.952
205.091, 222.637
669.57, 225.905
719.186, 226.857
506.077, 226.655
727.533, 228.89
78.0905, 227.368
69.1821, 228.39
568.329, 232.415
338.649, 233.181
715.185, 235.518
426.197, 235.435
690.738, 236.303
427.809, 240.37
530.188, 241.213
698.111, 242.049
596.592, 242.227
644.778, 242.95
405.936, 242.522
521.611, 242.632
499.686, 243.193
471.671, 245.732
485.843, 245.754
228.448, 245.216
397.868, 246.904
720.85, 250.048
477.58, 250.376
256.027, 249.663
52.9883, 249.806
115.622, 255.066
89.5031, 257.74
268.089, 258.806
352.993, 259.819
236.968, 259.586
306.584, 260.35
375.624, 261.647
624.136, 264.878
631.246, 265.374
84.3265, 261.922
158.986, 266.141
322.016, 267.481
356.795, 269.695
748.803, 273.263
183.206, 267.921
66.553, 268.819
450.462, 273.194
727.185, 278.786
182.252, 273.864
487.097, 276.968
259.945, 276.178
333.182, 276.16
407.57, 280.174
438.5, 281.978
124.952, 279.39
223.159, 284.859
612.35, 285.594
238.775, 282.977
752.486, 288.573
766.792, 289.385
507.549, 287.864
349.215, 287.666
141.361, 285.921
52.0319, 286.058
781.85, 296.361
371.199, 292.473
397.79, 293.413
522.063, 295.405
551.417, 298.163
669.846, 300.6
639.514, 301.125
47.1506, 300.778
434.972, 308.542
175.847, 311.55
378.76, 315.131
310.932, 316.762
538.105, 320.163
573.185, 320.634
71.3927, 314.459
681.94, 324.644
830.987, 327.284
557.579, 324.579
836.148, 330.756
361.285, 324.544
82.9017, 320.568
194.638, 323.93
374.46, 327.926
719.154, 336.625
766.327, 337.418
135.943, 326.798
322.695, 331.821
258.407, 332.47
431.863, 335.39
804.533, 342.605
585.883, 340.923
590.533, 340.9
475.123, 339.15
651.679, 343.439
671.238, 343.656
367.323, 339.314
139.412, 337.199
558.764, 350.234
750.262, 354.488
343.447, 347.119
148.522, 344.3
735.683, 356.895
196.604, 346.835
421.173, 351.897
427.806, 352.045
300.977, 350.27
242.137, 349.014
254.346, 349.291
545.581, 356.485
566.955, 360.025
528.621, 360.68
447.451, 359.438
108.899, 354.589
146.53, 356.199
172.639, 357.365
566.282, 369.707
148.322, 362.491
51.7845, 360.299
671.633, 380.96
777.464, 384.613
333.73, 375.716
611.897, 382.388
301.64, 376.098
596.4, 384.014
693.069, 389.079
518.182, 385.372
749.373, 391.85
264.623, 380.974
434.69, 387.533
261.617, 384.305
335.948, 385.954
87.9368, 382.127
183.287, 384.49
586.905, 395.168
428.742, 392.203
432.832, 395.708
52.2143, 386.423
187.354, 392.574
82.6515, 390.601
322.747, 396.59
136.049, 393.432
622.863, 406.577
675.07, 409.584
147.805, 396.306
633.075, 409.259
822.532, 414.984
222.626, 399.56
330.504, 402.608
430.216, 406.347
356.337, 404.667
254.657, 403.203
383.628, 407.474
731.936, 416.933
547.163, 412.672
250.597, 408.013
478.589, 416.291
567.418, 419.477
487.977, 417.963
607.68, 422.68
131.987, 409.919
187.05, 413.068
796.116, 432.247
230.812, 415.922
392.603, 420.893
244.143, 417.35
177.188, 415.91
139.268, 415.82
333.395, 421.438
799.822, 435.946
232.496, 419.713
224.531, 419.729
456.712, 427.653
586.211, 431.476
651.621, 433.479
691.792, 435.811
695.867, 438.08
289.388, 425.629
552.509, 434.476
504.883, 433.364
633.585, 439.94
300.192, 434.014
312.802, 435.302
548.432, 444.687
230.593, 435.004
434.431, 442.431
238.954, 436.535
127.688, 433.85
349.658, 441.315
584.695, 448.55
181.046, 437.744
605.852, 451.657
328.851, 443.46
519.266, 449.714
309.87, 443.065
264.952, 443.863
294.551, 445.499
326.11, 446.416
481.115, 455.141
97.4682, 443.695
490.767, 456.444
166.415, 446.831
423.31, 455.711
439.856, 456.569
350.068, 454.509
587.859, 464.457
809.092, 472.614
161.373, 453.159
185.268, 454.755
82.3685, 451.943
576.874, 469.312
121.001, 453.967
615.595, 471.81
176.264, 456.921
281.12, 465.289
822.999, 485.515
345.411, 468.624
202.488, 464.462
484.786, 474.656
434.749, 473.096
529.85, 479.272
450.864, 478.213
296.151, 473.336
118.229, 467.95
54.0209, 466.189
541.734, 485.697
72.9786, 468.829
576.486, 488.285
690.5, 493.156
554.802, 488.75
565.809, 488.836
240.923, 477.027
544.396, 489.911
195.428, 477.383
212.214, 478.611
629.62, 494.212
607.234, 493.789
562.402, 492.836
359.866, 485.51
355.303, 486.061
364.342, 486.269
689.714, 500.477
161.821, 480.859
457.42, 494.264
199.149, 484.441
398.474, 491.665
323.705, 489.713
699.002, 504.273
712.192, 506.605
287.576, 490.669
76.7034, 485.388
763.45, 512.623
370.835, 498.137
719.632, 513.258
117.226, 490.115
402.055, 506.364
469.891, 509.694
549.063, 514.279
244.882, 501.092
502.182, 511.464
555.197, 514.06
726.104, 521.617
296.627, 504.209
542.345, 515.17
115.606, 497.882
658.487, 521.438
703.571, 523.806
336.366, 508.506
727.785, 526.785
195.598, 505.233
707.364, 528.148
774.035, 530.912
273.997, 510.086
167.397, 507.135
52.0939, 504.246
107.943, 507.772
398.481, 519.961
741.305, 535.937
793.338, 540.384
703.243, 537.349
479.084, 531.309
254.6, 522.663
373.847, 528.207
502.919, 533.931
87.4583, 518.174
94.7984, 518.875
141.015, 521.429
342.104, 531.451
161.844, 525.005
496.949, 541.8
407.042, 537.775
580.852, 546.68
227.172, 530.325
391.442, 538.923
451.625, 541.634
121.065, 529.413
707.119, 556.573
125.835, 531.287
698.57, 558.214
735.594, 560.805
284.99, 542.747
183.592, 539.116
223.117, 540.994
325.871, 548.155
378.631, 550.495
332.209, 549.506
765.8, 570.085
725.159, 569.495
480.131, 558.059
476.238, 558.988
357.113, 553.533
378.328, 554.657
126.343, 544.42
366.501, 556.057
401.985, 557.628
406.708, 557.808
453.113, 560.436
80.8604, 545.238
550.353, 570.943
599.611, 572.913
681.891, 579.169
229.367, 558.641
659.717, 580.344
758.639, 587.534
751.585, 587.388
732.249, 588.249
249.652, 563.303
52.0544, 555.64
255.431, 567.07
802.828, 596.754
351.4, 574.263
76.9343, 561.018
63.8798, 561.543
121.285, 563.848
310.91, 573.484
375.437, 576.809
434.646, 583.789
500.242, 587.169
747.483, 599.936
185.741, 571.13
442.198, 584.647
125.037, 569.233
654.338, 596.91
472.23, 588.072
412.598, 584.824
206.632, 575.669
257.561, 577.896
437.281, 587.659
77.7998, 569.328
154.918, 574.683
454.298, 589.828
129.536, 573.89
663.95, 601.924
373.071, 587.655
357.552, 587.796
296.05, 585.553
684.083, 606.238
700.092, 608.292
628.7, 604.846
325.295, 589.032
645.935, 605.835
290.207, 587.46
245.525, 589.088
665.618, 615.478
680.381, 616.075
228.696, 591.964
778.359, 622.126
113.54, 586.638
796.339, 623.996
569.786, 612.822
308.879, 599.411
770.772, 625.28
102.547, 589.7
796.331, 628.066
275.576, 599.846
283.344, 600.41
566.717, 616.585
83.3279, 590.706
294.38, 604.489
563.884, 620.361
209.735, 603.543
721.104, 634.856
541.146, 625.684
317.893, 614.115
572.013, 630.21
462.13, 625.239
125.75, 606.549
402.407, 622.596
620.558, 635.66
441.202, 625.895
760.608, 644.842
333.928, 621.486
346.768, 622.441
228.342, 616.249
353.844, 623.415
411.547, 627.16
288.668, 620.833
619.879, 639.944
198.65, 616.573
298.802, 625.915
415.059, 632.67
430.003, 634.365
92.6566, 616.616
302.532, 631.285
469.367, 641.067
415.038, 640.128
220.3, 629.248
154.231, 626.226
525.204, 648.358
437.034, 644.528
286.829, 635.76
218.619, 632.905
592.977, 656.566
559.909, 654.882
80.2815, 628.035
367.214, 644.736
236.19, 638.236
65.6076, 628.601
385.203, 647.79
120.796, 637.139
130.056, 638.908
176.239, 645.246
105.233, 642.685
195.17, 645.632
220.642, 650.368
198.533, 649.365
284.297, 656.115
58.9353, 643.54
91.042, 650.758
73.022, 654.638
663.779, 52.0929
263.199, 61.0925
507.462, 59.3952
788.633, 52.7879
142.634, 68.9823
380.467, 63.4029
58.9386, 72.6847
768.162, 60.7779
114.828, 75.0545
122.878, 75.3918
165.464, 75.2817
473.133, 73.5795
186.851, 80.0169
785.37, 70.2604
369.805, 80.9464
73.7832, 87.8294
529.795, 80.3454
181.978, 88.9839
292.28, 87.1414
280.424, 88.1203
698.938, 85.2857
175.306, 97.2929
153.125, 99.1157
626.803, 91.2445
209.232, 99.694
101.165, 102.608
295.471, 99.873
638.323, 98.0155
581.932, 100.198
553.95, 101.781
382.354, 106.319
170.186, 110.09
110.039, 111.689
214.88, 111.338
824.463, 105.821
733.033, 109.209
509.97, 115.054
407.567, 118.174
434.178, 118.951
477.132, 118.695
484.636, 120.961
71.8667, 128.09
83.1909, 127.037
515.155, 122.606
608.977, 121.987
394.142, 126.997
447.601, 128.687
783.21, 128.393
354.951, 134.113
758.176, 130.065
680.326, 131.925
368.037, 136.104
762.267, 135.025
153.213, 146.1
643.314, 145.169
540.418, 146.884
548.102, 147.455
76.8114, 155.584
574.548, 158.531
624.964, 158.476
467.371, 160.366
363.174, 161.772
453.424, 164.499
536.741, 164.904
139.796, 169.66
189.74, 169.715
147.873, 170.498
430.59, 169.235
110.451, 172.822
320.347, 172.862
558.501, 173.751
772.93, 174.011
797.53, 181.16
475.242, 184
623.714, 184.291
451.278, 187.042
187.694, 189.105
174.738, 191.374
293.255, 192.996
139.994, 196.273
261.824, 204.527
578.304, 207.333
75.5834, 207.886
646.457, 208.309
664.937, 210.119
817.942, 220.32
193.287, 219.944
599.978, 223.043
423.129, 223.828
797.556, 228.291
218.376, 232.024
68.8099, 233.08
773.621, 235.959
388.054, 236.224
149.511, 240.203
369.224, 243.493
289.052, 244.69
434.805, 246.036
713.98, 247.97
260.788, 252.193
820.248, 255.322
820.23, 261.91
460.79, 259.858
538.226, 261.092
515.165, 263.382
166.232, 261.916
486.214, 264.819
148.459, 265.625
243.148, 266.108
399.726, 266.902
693.152, 271.534
725.805, 271.604
821.256, 272.651
675.572, 272.55
681.52, 271.861
720.743, 274.799
72.8675, 269.835
606.09, 275.961
497.093, 281.021
511.217, 283.338
306.739, 283.48
497.131, 287.238
556.012, 287.452
274.762, 285.891
386.846, 288.83
750.202, 299.349
108.238, 294.223
258.282, 304.079
269.247, 303.123
89.6728, 301.59
364.204, 311.579
534.133, 316.28
185.753, 313.568
555.339, 320.088
390.176, 318.657
339.908, 318.781
376.969, 319.731
573.473, 325.229
632.985, 325.957
237.234, 322.72
106.978, 321.947
482.961, 330.742
96.7895, 326.664
198.37, 332.386
757.403, 342.788
95.1136, 332.479
397.988, 338.704
771.228, 348.841
72.5909, 336.923
102.561, 336.925
64.3842, 337.54
96.5869, 337.546
570.299, 350.331
853.682, 357.94
124.034, 351.041
133.029, 359.156
761.817, 377.094
574.783, 375.786
250.607, 373.009
624.651, 382.268
754.968, 388.535
540.114, 388.22
472.119, 388.496
158.587, 383.199
179.93, 385.626
388.965, 393.298
631.395, 400.326
459.698, 396.803
119.826, 390.497
720.63, 407.515
582.554, 403.821
103.431, 392.739
59.1042, 395.49
519.809, 407.399
415.762, 409.239
443.783, 408.304
303.946, 408.647
823.046, 420.031
632.94, 418.161
440.254, 413.38
521.476, 417.233
383.872, 413.638
148.357, 412.088
48.6283, 410.377
426.285, 422.608
290.526, 420.87
361.024, 423.389
674.125, 434.587
468.896, 429.37
788.695, 442.815
298.332, 427.565
359.776, 429.774
84.5733, 425.421
71.9222, 430.252
219.784, 437.999
253.124, 439.033
297.934, 440.563
276.734, 440.906
116.13, 436.93
79.1972, 437.851
591.666, 454.379
310.974, 448.326
408.677, 451.924
454.189, 454.483
526.368, 460.042
600.128, 464.773
432.395, 460.619
604.797, 470.603
377.576, 468.095
444.479, 473.867
772.453, 486.347
257.615, 469.329
521.093, 478.453
247.965, 475.167
283.004, 475.847
156.438, 471.883
527.666, 489.869
578.722, 492.835
588.483, 492.955
54.9029, 474.389
320.215, 485.792
105.172, 479.151
220.734, 487.3
225.8, 488.623
364.417, 495.124
386.901, 496.33
101.379, 486.668
295.711, 497.185
400.772, 501.091
431.927, 502.5
492.977, 508.813
69.6873, 492.941
644.171, 517.164
427.968, 516.926
631.497, 525.52
155.104, 506.555
549.85, 523.44
79.2903, 504.035
704.216, 532.066
445.81, 521.772
643.369, 532.65
164.575, 512.71
589.268, 535.609
258.304, 527.384
291.023, 535.466
252.234, 535.684
262.209, 537
550.682, 552.572
725.957, 560.505
747.089, 561.961
505.213, 552.465
765.87, 564.81
134.816, 536.848
543.159, 558.92
409.467, 553.774
446.395, 555.467
444.087, 559.069
160.063, 551.277
311.32, 563.857
143.957, 561.22
442.996, 579.229
608.189, 589.117
658.363, 592.864
74.0918, 565.146
182.273, 574.264
325.933, 582.427
743.919, 605.404
175.827, 576.602
613.21, 599.044
169.115, 576.368
534.879, 596.014
543.773, 597.506
541.905, 602.36
287.971, 591.108
561.471, 608.248
99.2079, 585.127
344.93, 601.355
333.907, 603.047
432.546, 612.046
628.978, 625.256
59.8328, 594.39
335.217, 615.487
144.289, 605.562
565.475, 629.382
718.31, 639.376
304.213, 620.352
449.165, 630.099
340.097, 625.998
350.062, 627.064
701.765, 647.927
721.717, 648.017
311.207, 625.787
375.167, 630.538
697.687, 651.202
112.349, 618.937
419.85, 638.142
621.29, 650.784
234.689, 628.958
141.986, 626.044
231.491, 633.3
540.073, 653.588
52.5029, 625.846
96.8757, 632.711
59.0837, 631.95
82.4121, 635.823
92.9137, 635.722
349.462, 651.645
409.482, 656.002
85.0725, 655.843
349.811, 64.6373
511.855, 63.8718
140.075, 72.8316
342.299, 68.0164
375.169, 69.1209
629.945, 64.0257
364.692, 73.8018
639.975, 69.3795
86.7417, 93.1942
532.026, 91.0137
363.776, 95.0753
737.95, 91.2235
354.701, 98.0308
63.6377, 103.777
226.544, 110.698
811.947, 106.788
308.369, 115.26
428.358, 114.371
265.685, 118.364
200.352, 124.144
63.6236, 132.327
389.053, 132.89
508.696, 133.272
73.7179, 144.989
608.513, 154
194.887, 163.654
277.532, 166.687
807.984, 166.206
614.013, 168.469
410.062, 176.219
232.42, 185.788
151.834, 187.144
523.26, 187.438
635.44, 194.013
653.476, 194.218
352.012, 196.227
603.2, 197.83
400.411, 199.223
240.06, 202.471
779.926, 202.197
812.754, 203
267.391, 204.688
214.452, 208.367
673.552, 229.121
381.014, 231.594
645.582, 232.919
120.637, 232.174
315.887, 235.338
599.172, 237.202
57.8949, 239.708
822.145, 248.899
75.8867, 257.045
646.745, 261.729
374.329, 275.951
74.1148, 276.089
518.178, 282.23
61.3993, 278.043
441.034, 287.023
821.936, 290.564
643.057, 288.859
108.927, 284.6
417.198, 285.958
191.332, 290.234
593.727, 294.445
416.733, 294.308
355.392, 296.687
659.215, 300.46
707.797, 301.048
458.191, 298.835
424.282, 300.093
215.617, 309.59
325.076, 310.734
643.459, 316.615
151.061, 310.092
300.286, 312.937
403.473, 316.61
762.949, 322.347
546.409, 320.345
610.437, 327.634
468.196, 327.703
527.807, 333.678
444.546, 343.111
545.212, 344.767
413.117, 343.653
488.52, 353.093
143.782, 347.11
372.364, 352.389
636.068, 360.104
677.046, 362.106
741.394, 377.835
365.002, 375.703
688.438, 384.118
582.757, 382.78
709.748, 391.651
188.97, 381.68
379.77, 389.66
77.4825, 391.45
94.4725, 393.079
68.6018, 393.844
190.752, 397.763
505.625, 406.179
167.002, 398.662
436.873, 407.069
463.754, 409.394
297.092, 408.43
572.962, 417.048
453.485, 418.891
738.835, 432.883
520.927, 429.537
568.25, 436.314
322.075, 428.499
517.713, 454.731
431.623, 454.615
746.238, 472.712
468.895, 463.397
74.71, 453.612
127.379, 457.178
117.4, 460.685
160.103, 466.256
821.065, 491.597
794.531, 491.235
324.296, 476.329
417.881, 480.273
400.749, 480.006
174.008, 484.055
354.171, 494.045
92.1371, 487.573
595.009, 521.049
217.782, 508.052
265.379, 515.845
675.496, 542.322
483.883, 542.004
101.666, 534.312
100.626, 540.762
650.954, 602.591
448.241, 607.015
594.966, 616.345
131.617, 596.815
395.597, 612.4
440.827, 619.263
297.724, 612.204
609.124, 630.301
292.185, 615.924
116.65, 609.841
793.718, 648.907
209.059, 620.205
661.868, 646.107
791.779, 655.289
458.548, 646.765
623.433, 54.6437
184.231, 69.3942
692.318, 64.9853
152.765, 79.0566
127.055, 88.0239
515.347, 81.9034
249.588, 97.173
121.886, 101.085
447.752, 100.101
600.549, 115.565
221.288, 123.851
595.525, 121.168
767.104, 122.883
622.473, 128.832
75.5577, 136.136
275.007, 173.833
805.578, 174.613
103.355, 181.055
669.61, 180.072
144.105, 189.887
289.136, 199.672
642.942, 200.087
330.68, 211.807
748.937, 215.869
288.82, 224.523
615.446, 232.221
470.934, 251.856
318.844, 252.722
451.974, 293.312
541.705, 312.228
336.168, 310.718
243.8, 313.032
289.285, 312.993
121.114, 312.791
301.601, 327.566
240.535, 330.159
471.399, 347.535
82.932, 352.828
405.523, 362.52
632.792, 372.209
314.077, 384.428
315.913, 395.117
400.756, 407.941
498.937, 411.61
113.373, 405.687
270.152, 409.324
568.072, 424.852
712.853, 437.54
207.119, 427.638
630.137, 446.363
688.185, 449.153
685.198, 462.675
206.676, 447.88
572.393, 464.036
729.167, 473.717
528.321, 468.769
398.35, 470.504
698.286, 485.314
303.056, 475.021
359.627, 479.387
477.858, 491.241
373.053, 510.464
455.99, 536
322.001, 539.971
147.818, 546.786
285.841, 579.339
607.485, 640.4
297.14, 644.716
206.814, 654.172
525.578, 73.0073
621.057, 71.881
101.951, 94.1079
474.202, 110.901
646.582, 130.014
145.767, 136.197
601.452, 164.763
458.72, 174.652
747.945, 175.623
391.576, 195.176
696.131, 213.817
684.38, 220.528
327.909, 220.33
180.706, 236.109
244.184, 234.079
197.376, 252.623
309.412, 252.407
170.023, 252.329
58.1225, 256.783
132.622, 268.269
787.473, 293.354
318.042, 296.174
588.502, 303.897
794.196, 315.444
132.02, 315.418
56.7414, 344.363
478.443, 355.776
669.117, 365.563
320.753, 364.196
336.13, 364.105
455.48, 410.574
677.595, 422.301
86.4652, 448.252
87.0825, 460.87
340.473, 484.73
141.445, 495.797
131.749, 525.615
299.758, 535.054
121.599, 540.162
263.375, 556.226
687.788, 596.291
664.59, 608.261
184.046, 603.459
65.1512, 618.194
449.972, 650.173
447.816, 79.5723
199.928, 107.748
96.7928, 114.743
633.999, 175.964
157.678, 215.144
330.136, 258.322
495.998, 332.267
71.923, 348.224
457.258, 390.315
811.822, 430.231
627.858, 427.782
640.649, 441.178
252.167, 453.591
440.611, 469.993
494.421, 504.581
778.513, 527.274
474.876, 527.69
671.874, 547.687
257.907, 641.19
60.7873, 87.8729
570.716, 82.0844
243.409, 104.02
455.705, 117.414
556.366, 139.193
655.063, 163.625
133.849, 183.1
796.143, 197.888
191.107, 253.32
774.262, 334.405
630.368, 363.884
740.602, 460.298
757.941, 491.656
515.355, 526.361
625.146, 561.65
125.482, 621.796
604.417, 175.338
584.077, 287.094
461.026, 358.5
107.521, 554.33
96.9298, 571.975
254.581, 612.363
124.182, 504.843
